1,1,1.199,0,2,'loyal'
2,2,1.037,0,2,'snobby'
3,2,0.686,0,2,'charming'
4,2,1.172,1,1,'shy'
5,4,1.145,0,2,'attractive'
6,4,0.821,1,2,'ugly'
7,3,1.712,0,3,'trustworthy'
8,3,1.496,1,2,'stubborn'
9,1,0.740,0,2,'giving'
10,1,1.091,0,3,'confident'
11,1,0.956,0,2,'thoughtful'
12,1,1.577,1,4,'unethical'
13,3,0.470,0,1,'calm'
14,3,1.010,0,2,'caring'
15,4,0.929,0,3,'popular'
16,4,16.198,0,1,'hot'
17,1,0.605,0,2,'patient'
18,2,1.118,1,2,'loner'
19,2,16.792,0,2,'trendy'
20,2,0.632,0,2,'wihtdrawn'
21,4,1.685,0,3,'insecure'
22,4,0.578,0,2,'social'
23,3,0.713,1,2,'lazy'
24,3,1.604,0,4,'motivated'
25,2,1.226,0,4,'adventurous'
26,1,0.794,1,2,'selfish'
27,1,1.631,0,2,'helpful'
28,1,1.415,0,3,'respectful'
29,3,0.902,1,1,'mean'
30,3,1.469,1,1,'rude'
31,4,0.875,0,3,'outgoing'
32,4,0.983,1,2,'creepy'
33,1,0.848,1,3,'dishonest'
34,2,1.334,1,2,'awkward'
35,2,1.388,0,2,'sexy'
36,2,0.551,0,2,'flirty'
37,4,0.659,0,1,'cool'
38,3,1.064,0,4,'independent'
39,4,1.658,1,2,'wealthy'
40,3,1.550,0,2,'friendly'
41,2,0.497,1,1,'lame'
42,1,1.307,1,2,'grumpy'
43,1,16.873,1,2,'depressed'
44,2,1.739,0,3,'admired'
45,3,1.253,1,2,'angry'
46,3,1.280,0,1,'smart'
47,4,0.524,1,2,'loser'
48,4,1.523,1,2,'boring'
