1,1,1.577,0,4,'independent'
2,1,1.442,1,1,'rude'
3,2,0.497,1,2,'creepy'
4,2,0.740,0,4,'adventurous'
5,3,1.010,1,4,'unethical'
6,3,1.739,0,2,'loyal'
7,4,1.388,0,2,'flirty'
8,4,16.792,1,1,'shy'
9,2,1.496,1,2,'loser'
10,2,1.253,0,2,'wihtdrawn'
11,1,1.685,0,2,'caring'
12,2,0.902,0,2,'social'
13,4,0.875,1,1,'lame'
14,4,1.307,0,3,'outgoing'
15,3,1.631,1,3,'dishonest'
16,3,1.199,1,2,'stubborn'
17,1,1.064,1,2,'angry'
18,1,1.523,0,2,'helpful'
19,2,0.821,0,2,'trendy'
20,1,0.767,0,3,'respectful'
21,3,0.713,0,2,'friendly'
22,3,0.659,0,2,'patient'
23,4,1.145,0,1,'hot'
24,4,1.415,0,2,'attractive'
25,2,1.712,0,1,'cool'
26,2,0.686,1,2,'awkward'
27,1,1.226,0,3,'confident'
28,1,1.469,1,2,'lazy'
29,4,0.794,1,2,'ugly'
30,3,15.955,1,2,'selfish'
31,3,1.172,0,1,'smart'
32,3,1.334,0,4,'motivated'
33,1,1.118,1,1,'mean'
34,1,0.551,0,3,'trustworthy'
35,2,1.091,1,2,'wealthy'
36,2,0.983,0,2,'snobby'
37,4,16.387,0,2,'charming'
38,4,0.578,1,2,'loner'
39,4,0.605,1,2,'boring'
40,4,0.470,0,3,'insecure'
41,2,1.037,0,3,'admired'
42,2,1.280,0,3,'popular'
43,1,0.632,1,2,'grumpy'
44,1,1.550,0,1,'calm'
45,3,1.658,0,2,'thoughtful'
46,3,0.848,0,2,'giving'
47,3,0.929,1,2,'depressed'
48,4,1.604,0,2,'sexy'
