1,1,1.064,1,2,'boring'
2,2,1.307,1,2,'angry'
3,2,1.253,0,2,'thoughtful'
4,2,0.497,0,2,'caring'
5,4,1.037,1,2,'lazy'
6,4,1.712,0,1,'smart'
7,3,0.956,1,2,'loser'
8,3,0.659,1,2,'ugly'
9,1,0.632,0,2,'snobby'
10,1,0.794,0,2,'flirty'
11,2,1.172,0,3,'confident'
12,1,1.280,0,2,'social'
13,3,1.361,1,1,'lame'
14,3,0.983,0,3,'popular'
15,4,17.089,0,4,'independent'
16,4,1.334,1,2,'depressed'
17,2,1.226,1,2,'stubborn'
18,2,1.442,0,2,'loyal'
19,1,1.010,0,3,'insecure'
20,1,0.524,0,2,'wihtdrawn'
21,4,0.929,0,3,'trustworthy'
22,3,0.821,1,2,'loner'
23,3,0.686,1,2,'wealthy'
24,3,1.145,0,3,'outgoing'
25,1,0.740,0,4,'adventurous'
26,1,16.333,0,2,'sexy'
27,2,0.551,1,2,'grumpy'
28,2,1.685,1,1,'mean'
29,3,1.388,0,1,'hot'
30,4,1.739,0,2,'helpful'
31,4,0.767,0,2,'patient'
32,4,1.415,0,1,'calm'
33,2,0.470,0,2,'friendly'
34,1,1.118,0,3,'admired'
35,1,1.496,1,1,'shy'
36,2,1.631,1,3,'dishonest'
37,4,16.306,0,4,'motivated'
38,4,1.604,0,3,'respectful'
39,3,1.469,0,2,'charming'
40,3,0.605,0,1,'cool'
41,2,0.713,0,2,'giving'
42,2,1.577,1,4,'unethical'
43,1,1.199,1,2,'creepy'
44,1,0.578,1,2,'awkward'
45,3,0.848,0,2,'attractive'
46,3,1.550,0,2,'trendy'
47,4,1.091,1,1,'rude'
48,4,1.523,1,2,'selfish'
