1,2,0.875,0,2,'trendy'
2,2,1.172,0,3,'insecure'
3,1,1.739,0,4,'motivated'
4,1,0.848,0,2,'giving'
5,3,1.631,0,4,'independent'
6,4,0.740,1,2,'wealthy'
7,3,1.145,1,4,'unethical'
8,3,0.605,0,2,'helpful'
9,1,1.442,0,3,'confident'
10,1,17.116,0,3,'trustworthy'
11,2,0.956,1,2,'loner'
12,2,0.821,0,2,'social'
13,4,1.523,0,2,'flirty'
14,4,0.902,1,1,'shy'
15,3,1.334,1,1,'rude'
16,3,1.091,1,2,'selfish'
17,2,0.929,0,1,'cool'
18,1,1.064,0,2,'patient'
19,1,16.090,0,2,'loyal'
20,1,1.388,0,2,'friendly'
21,3,1.037,1,1,'mean'
22,3,1.307,0,1,'smart'
23,4,0.983,1,2,'boring'
24,4,0.632,0,2,'attractive'
25,1,1.550,0,2,'caring'
26,2,0.578,1,2,'loser'
27,2,0.551,1,1,'lame'
28,2,1.577,0,2,'charming'
29,3,0.767,1,2,'angry'
30,4,1.658,0,3,'outgoing'
31,4,1.118,0,2,'wihtdrawn'
32,4,0.686,0,4,'adventurous'
33,2,1.415,0,2,'snobby'
34,2,1.010,0,3,'admired'
35,1,1.496,0,3,'respectful'
36,1,1.712,1,2,'grumpy'
37,3,15.901,0,1,'calm'
38,3,0.524,1,2,'stubborn'
39,3,1.253,1,2,'lazy'
40,4,1.280,1,2,'ugly'
41,1,0.713,0,2,'thoughtful'
42,1,1.226,1,2,'depressed'
43,2,0.794,0,3,'popular'
44,2,1.361,1,2,'creepy'
45,4,0.497,1,2,'awkward'
46,4,1.469,0,1,'hot'
47,4,1.604,0,2,'sexy'
48,3,1.199,1,3,'dishonest'
