1,1,1.523,0,2,'caring'
2,1,1.010,0,2,'thoughtful'
3,2,0.767,0,2,'sexy'
4,2,1.199,0,2,'attractive'
5,3,0.686,0,2,'helpful'
6,3,1.415,0,3,'respectful'
7,4,0.740,0,2,'flirty'
8,4,0.902,1,2,'loner'
9,2,1.658,0,2,'wihtdrawn'
10,2,0.524,1,2,'loser'
11,1,0.713,1,2,'depressed'
12,1,1.334,0,3,'confident'
13,4,0.956,0,2,'social'
14,4,1.739,1,2,'wealthy'
15,3,1.685,1,2,'grumpy'
16,3,16.279,0,4,'independent'
17,1,1.037,1,1,'mean'
18,1,16.036,0,2,'giving'
19,1,1.253,0,3,'trustworthy'
20,2,1.091,0,1,'hot'
21,3,1.604,0,1,'calm'
22,3,1.631,1,1,'rude'
23,4,0.821,0,3,'insecure'
24,4,0.497,0,2,'trendy'
25,2,1.118,1,2,'boring'
26,2,1.226,0,2,'charming'
27,2,1.496,0,3,'popular'
28,1,0.551,1,2,'lazy'
29,4,0.794,1,2,'creepy'
30,4,1.280,1,1,'shy'
31,3,1.307,0,2,'patient'
32,3,0.875,1,4,'unethical'
33,1,16.090,0,4,'motivated'
34,1,0.983,1,2,'angry'
35,2,1.064,0,3,'admired'
36,2,0.578,1,1,'lame'
37,4,1.577,0,1,'cool'
38,4,1.361,0,4,'adventurous'
39,4,1.550,1,2,'ugly'
40,3,1.469,0,2,'loyal'
41,2,0.470,0,3,'outgoing'
42,2,1.172,1,2,'awkward'
43,1,0.632,0,1,'smart'
44,1,1.712,1,2,'stubborn'
45,3,1.442,1,3,'dishonest'
46,3,1.388,1,2,'selfish'
47,3,0.929,0,2,'friendly'
48,4,1.145,0,2,'snobby'
