1,1,1.037,1,2,'wealthy'
2,1,1.226,0,3,'popular'
3,2,0.713,0,2,'friendly'
4,2,1.604,1,2,'lazy'
5,3,1.280,1,2,'awkward'
6,4,1.388,0,4,'motivated'
7,4,1.658,0,4,'independent'
8,4,1.469,0,2,'giving'
9,2,1.361,1,2,'angry'
10,2,0.497,0,3,'confident'
11,1,0.551,0,2,'attractive'
12,1,1.307,0,4,'adventurous'
13,4,1.631,0,2,'helpful'
14,3,1.550,1,2,'loner'
15,3,1.253,1,2,'boring'
16,3,0.821,0,2,'charming'
17,1,16.846,0,3,'outgoing'
18,1,0.983,0,1,'hot'
19,2,1.199,0,3,'respectful'
20,2,0.632,0,2,'caring'
21,3,1.334,0,2,'trendy'
22,4,1.172,0,3,'trustworthy'
23,4,1.739,1,2,'depressed'
24,4,16.036,0,1,'calm'
25,2,1.064,1,2,'selfish'
26,2,0.578,0,2,'loyal'
27,1,1.523,1,2,'creepy'
28,1,1.577,1,1,'shy'
29,4,0.956,1,1,'rude'
30,3,0.740,0,2,'snobby'
31,3,0.659,0,2,'sexy'
32,3,1.712,1,2,'loser'
33,1,1.010,0,3,'admired'
34,1,1.118,0,2,'wihtdrawn'
35,2,0.929,0,2,'thoughtful'
36,2,0.524,1,2,'grumpy'
37,4,0.767,1,4,'unethical'
38,4,1.685,0,1,'smart'
39,4,1.091,1,1,'mean'
40,3,1.442,0,1,'cool'
41,2,15.901,1,3,'dishonest'
42,2,1.145,1,2,'stubborn'
43,1,0.794,1,2,'ugly'
44,1,0.875,0,2,'social'
45,3,0.902,0,3,'insecure'
46,3,0.686,1,1,'lame'
47,3,0.848,0,2,'flirty'
48,4,1.496,0,2,'patient'
