1,1,0.551,0,2,'patient'
2,1,0.902,0,3,'respectful'
3,2,1.496,1,2,'wealthy'
4,2,1.010,0,2,'attractive'
5,3,0.686,1,3,'dishonest'
6,4,1.361,0,3,'popular'
7,4,1.523,1,2,'loser'
8,4,1.658,0,1,'hot'
9,2,1.577,1,1,'lame'
10,2,0.632,1,2,'creepy'
11,1,1.442,0,2,'loyal'
12,1,1.712,0,1,'calm'
13,4,0.740,0,2,'snobby'
14,3,0.929,0,4,'motivated'
15,3,17.062,1,2,'selfish'
16,3,0.713,1,2,'stubborn'
17,1,1.280,0,2,'giving'
18,1,1.037,0,2,'thoughtful'
19,2,1.415,0,3,'admired'
20,2,0.983,0,2,'wihtdrawn'
21,4,0.524,0,3,'outgoing'
22,3,1.307,1,2,'depressed'
23,4,0.821,0,1,'cool'
24,3,1.604,0,3,'confident'
25,2,1.172,0,2,'flirty'
26,2,1.550,0,2,'social'
27,1,1.226,0,3,'trustworthy'
28,1,16.630,1,4,'unethical'
29,3,0.794,1,1,'rude'
30,3,0.497,1,2,'angry'
31,3,0.848,0,2,'helpful'
32,4,1.253,1,2,'loner'
33,1,1.739,0,1,'smart'
34,1,0.956,0,2,'friendly'
35,2,1.145,0,4,'adventurous'
36,2,1.118,0,3,'insecure'
37,4,16.009,1,1,'shy'
38,4,0.767,0,2,'charming'
39,4,0.605,1,2,'boring'
40,3,1.388,1,2,'grumpy'
41,2,1.091,1,2,'ugly'
42,2,1.334,0,2,'trendy'
43,1,1.064,0,2,'caring'
44,1,1.685,1,2,'lazy'
45,3,0.875,1,1,'mean'
46,3,0.659,0,4,'independent'
47,4,1.469,0,2,'sexy'
48,4,0.470,1,2,'awkward'
