1,1,1.307,0,3,'trustworthy'
2,1,1.712,1,1,'rude'
3,2,0.659,0,2,'sexy'
4,2,0.605,0,3,'insecure'
5,3,16.333,0,2,'giving'
6,3,0.551,1,1,'mean'
7,4,1.604,1,2,'awkward'
8,4,1.523,0,3,'popular'
9,2,0.497,1,2,'wealthy'
10,2,0.821,0,2,'flirty'
11,1,1.415,0,2,'thoughtful'
12,1,1.118,0,2,'loyal'
13,3,0.794,1,2,'grumpy'
14,3,1.064,1,3,'dishonest'
15,3,0.956,0,1,'calm'
16,4,0.632,1,2,'loner'
17,1,0.713,0,3,'respectful'
18,1,1.280,0,2,'patient'
19,2,0.929,1,2,'loser'
20,2,0.470,0,2,'wihtdrawn'
21,4,0.524,0,3,'outgoing'
22,4,1.172,0,2,'attractive'
23,3,1.550,0,4,'motivated'
24,4,1.145,0,1,'cool'
25,2,1.658,0,2,'snobby'
26,2,0.848,0,2,'social'
27,1,1.496,1,4,'unethical'
28,1,1.685,0,2,'friendly'
29,4,0.767,1,2,'ugly'
30,3,16.468,0,2,'helpful'
31,3,1.361,1,2,'angry'
32,3,1.199,1,2,'selfish'
33,1,1.226,1,2,'stubborn'
34,1,0.578,1,2,'lazy'
35,2,1.253,1,2,'creepy'
36,2,1.469,0,2,'charming'
37,4,0.983,1,1,'lame'
38,3,0.875,0,2,'caring'
39,4,1.334,0,4,'adventurous'
40,4,1.577,0,3,'admired'
41,2,1.631,0,1,'hot'
42,2,1.739,1,2,'boring'
43,1,16.819,0,4,'independent'
44,1,1.091,0,3,'confident'
45,4,1.010,1,1,'shy'
46,4,0.686,0,2,'trendy'
47,3,1.442,1,2,'depressed'
48,3,0.740,0,1,'smart'
