1,2,0.659,1,4,'unethical'
2,2,0.470,1,2,'stubborn'
3,1,1.361,1,2,'loner'
4,1,1.388,0,1,'cool'
5,3,1.577,1,2,'creepy'
6,3,0.767,0,2,'social'
7,3,0.524,0,3,'outgoing'
8,4,1.442,0,2,'patient'
9,1,0.983,0,2,'trendy'
10,1,16.603,0,2,'snobby'
11,2,1.496,0,2,'loyal'
12,2,1.091,0,2,'giving'
13,3,1.199,0,4,'adventurous'
14,4,1.010,0,3,'respectful'
15,4,0.929,0,2,'helpful'
16,3,1.469,1,2,'ugly'
17,2,1.280,0,2,'friendly'
18,2,1.253,0,2,'caring'
19,1,0.551,0,2,'charming'
20,1,0.740,1,1,'shy'
21,3,0.956,1,2,'wealthy'
22,3,0.605,0,3,'insecure'
23,3,1.064,0,2,'wihtdrawn'
24,4,0.875,1,2,'grumpy'
25,1,1.415,1,2,'awkward'
26,1,1.739,0,3,'admired'
27,2,0.686,1,1,'rude'
28,2,0.497,0,3,'confident'
29,4,1.037,0,4,'independent'
30,4,1.604,0,1,'calm'
31,4,16.063,0,2,'thoughtful'
32,3,0.713,0,2,'attractive'
33,2,1.550,1,2,'angry'
34,2,1.226,1,3,'dishonest'
35,1,1.658,1,2,'loser'
36,1,0.578,0,2,'sexy'
37,4,1.523,1,1,'mean'
38,4,1.631,1,2,'lazy'
39,3,0.902,0,3,'popular'
40,3,1.307,1,2,'boring'
41,1,0.821,0,2,'flirty'
42,1,16.279,0,1,'hot'
43,2,1.145,0,1,'smart'
44,2,1.712,1,2,'depressed'
45,4,1.118,1,2,'selfish'
46,4,1.685,0,3,'trustworthy'
47,4,0.794,0,4,'motivated'
48,3,1.334,1,1,'lame'
