1,1,0.686,0,4,'adventurous'
2,2,0.794,0,1,'calm'
3,2,1.685,0,4,'motivated'
4,2,1.118,0,2,'friendly'
5,4,0.821,0,4,'independent'
6,4,1.604,1,2,'grumpy'
7,3,0.497,0,2,'wihtdrawn'
8,3,1.199,0,2,'social'
9,2,0.605,1,2,'lazy'
10,1,1.712,0,3,'outgoing'
11,1,1.469,1,2,'wealthy'
12,1,0.524,0,2,'flirty'
13,3,16.765,0,2,'trendy'
14,3,1.631,0,3,'insecure'
15,4,0.767,0,3,'trustworthy'
16,4,1.523,1,2,'depressed'
17,1,1.253,1,2,'loser'
18,2,0.956,0,2,'thoughtful'
19,2,0.632,1,2,'angry'
20,1,15.901,1,1,'shy'
21,4,1.388,1,2,'stubborn'
22,4,0.848,1,1,'rude'
23,3,0.929,0,1,'cool'
24,3,1.577,0,3,'popular'
25,2,0.713,1,2,'selfish'
26,1,1.037,1,2,'loner'
27,1,0.551,0,3,'admired'
28,1,0.902,0,2,'snobby'
29,3,0.740,1,1,'lame'
30,3,1.172,1,2,'ugly'
31,4,1.550,1,4,'unethical'
32,4,1.496,0,2,'caring'
33,1,0.875,0,2,'sexy'
34,2,1.415,0,3,'confident'
35,2,16.414,0,1,'smart'
36,2,1.658,0,2,'helpful'
37,4,1.064,1,1,'mean'
38,4,1.280,0,2,'patient'
39,3,1.307,1,2,'awkward'
40,3,0.578,0,1,'hot'
41,2,1.739,0,2,'loyal'
42,1,0.659,1,2,'boring'
43,1,1.145,0,2,'charming'
44,2,1.091,0,2,'giving'
45,3,1.226,1,2,'creepy'
46,3,1.010,0,2,'attractive'
47,4,1.442,1,3,'dishonest'
48,4,1.361,0,3,'respectful'
