1,2,1.226,1,4,'unethical'
2,2,0.767,0,4,'motivated'
3,1,1.415,0,3,'outgoing'
4,1,1.712,1,2,'ugly'
5,4,0.821,0,2,'friendly'
6,3,1.739,1,2,'creepy'
7,3,0.551,0,2,'snobby'
8,3,1.388,0,2,'social'
9,1,1.280,0,3,'admired'
10,1,1.442,0,2,'wihtdrawn'
11,2,1.496,0,2,'caring'
12,2,1.064,1,2,'angry'
13,3,1.577,1,2,'loser'
14,4,16.117,0,1,'calm'
15,4,0.713,0,1,'smart'
16,4,1.199,0,3,'respectful'
17,2,1.307,1,1,'rude'
18,2,0.902,0,2,'loyal'
19,2,1.118,1,3,'dishonest'
20,1,0.983,1,2,'wealthy'
21,3,1.523,0,2,'sexy'
22,4,1.253,0,3,'confident'
23,3,0.524,0,4,'adventurous'
24,3,0.848,0,2,'charming'
25,1,1.469,1,2,'awkward'
26,1,16.063,0,2,'attractive'
27,2,0.794,1,2,'depressed'
28,2,1.037,1,1,'mean'
29,4,1.658,0,4,'independent'
30,4,0.740,0,3,'trustworthy'
31,4,1.604,1,2,'selfish'
32,3,0.470,1,1,'lame'
33,1,0.605,0,1,'cool'
34,2,1.091,0,2,'giving'
35,1,0.578,0,3,'popular'
36,1,1.631,0,2,'flirty'
37,3,1.361,0,1,'hot'
38,3,0.956,1,2,'loner'
39,3,0.929,1,2,'boring'
40,4,15.928,0,2,'helpful'
41,1,1.172,0,2,'trendy'
42,1,0.875,1,1,'shy'
43,2,1.550,0,2,'patient'
44,2,1.685,1,2,'lazy'
45,4,1.145,1,2,'stubborn'
46,4,0.659,0,2,'thoughtful'
47,4,1.010,1,2,'grumpy'
48,3,1.334,0,3,'insecure'
