1,1,0.740,0,1,'cool'
2,1,1.145,0,2,'social'
3,2,1.253,1,1,'mean'
4,2,1.064,1,1,'rude'
5,3,1.658,1,2,'wealthy'
6,4,1.631,0,2,'friendly'
7,4,0.578,1,2,'grumpy'
8,4,0.794,0,1,'calm'
9,2,0.497,1,2,'selfish'
10,2,0.551,0,4,'motivated'
11,1,0.659,1,2,'loner'
12,1,1.415,0,3,'admired'
13,4,1.280,0,3,'trustworthy'
14,3,16.792,0,3,'outgoing'
15,3,0.767,1,2,'ugly'
16,3,1.685,1,2,'awkward'
17,1,0.983,1,1,'lame'
18,1,0.821,0,2,'snobby'
19,1,0.956,0,4,'adventurous'
20,2,1.577,1,4,'unethical'
21,3,1.739,1,1,'shy'
22,4,1.523,0,4,'independent'
23,4,0.929,0,2,'giving'
24,4,0.524,1,2,'stubborn'
25,2,1.172,0,2,'caring'
26,2,1.550,0,2,'thoughtful'
27,2,16.522,0,3,'respectful'
28,2,1.388,1,2,'lazy'
29,4,0.632,0,2,'loyal'
30,3,1.712,0,2,'trendy'
31,3,0.848,0,3,'popular'
32,3,1.334,1,2,'loser'
33,1,0.875,0,2,'flirty'
34,1,16.333,0,1,'hot'
35,1,1.469,0,2,'attractive'
36,2,1.604,1,3,'dishonest'
37,3,1.442,0,3,'insecure'
38,4,0.713,0,1,'smart'
39,4,0.605,1,2,'depressed'
40,4,1.226,0,3,'confident'
41,2,0.686,0,2,'patient'
42,2,1.199,0,2,'helpful'
43,1,1.037,1,2,'boring'
44,1,1.496,0,2,'sexy'
45,4,1.010,1,2,'angry'
46,3,0.470,0,2,'charming'
47,3,1.307,1,2,'creepy'
48,3,1.118,0,2,'wihtdrawn'
