1,2,1.523,0,3,'admired'
2,2,1.577,0,2,'wihtdrawn'
3,1,1.334,1,2,'angry'
4,1,1.658,1,2,'lazy'
5,3,1.685,0,2,'helpful'
6,3,0.578,0,3,'confident'
7,4,16.873,1,2,'awkward'
8,4,1.280,0,2,'trendy'
9,1,0.686,0,1,'smart'
10,1,1.226,0,3,'trustworthy'
11,2,1.091,0,1,'hot'
12,2,0.956,1,2,'boring'
13,4,1.604,0,2,'flirty'
14,4,0.551,0,2,'charming'
15,3,1.172,1,2,'depressed'
16,4,0.902,0,3,'popular'
17,2,1.712,1,1,'lame'
18,2,0.470,1,2,'loner'
19,1,0.794,0,2,'loyal'
20,1,0.821,0,2,'giving'
21,3,0.983,1,3,'dishonest'
22,4,1.496,1,2,'loser'
23,3,1.415,0,2,'thoughtful'
24,3,1.550,1,2,'selfish'
25,1,0.605,1,1,'rude'
26,1,16.576,0,2,'friendly'
27,2,1.739,0,3,'insecure'
28,2,0.659,0,3,'outgoing'
29,4,0.632,0,4,'adventurous'
30,4,0.848,1,2,'creepy'
31,4,1.253,0,2,'snobby'
32,3,0.767,0,2,'caring'
33,2,1.064,0,1,'cool'
34,2,16.819,0,2,'sexy'
35,1,1.631,1,4,'unethical'
36,1,1.361,1,2,'grumpy'
37,4,1.118,0,2,'attractive'
38,3,1.469,0,3,'respectful'
39,3,1.037,1,2,'stubborn'
40,3,1.307,0,4,'motivated'
41,1,0.929,1,1,'mean'
42,1,1.010,0,4,'independent'
43,2,1.199,1,2,'wealthy'
44,2,0.875,0,2,'social'
45,3,0.740,0,2,'patient'
46,3,0.497,0,1,'calm'
47,4,0.713,1,1,'shy'
48,4,0.524,1,2,'ugly'
