1,1,1.253,0,2,'snobby'
2,2,0.875,0,2,'loyal'
3,2,1.415,0,1,'calm'
4,2,1.145,1,2,'stubborn'
5,4,1.118,0,2,'patient'
6,4,0.821,1,4,'unethical'
7,4,0.929,1,1,'rude'
8,3,0.713,1,2,'ugly'
9,2,1.307,0,1,'smart'
10,2,1.172,0,2,'friendly'
11,1,0.740,1,1,'lame'
12,1,0.524,0,4,'adventurous'
13,3,1.064,0,2,'social'
14,3,1.010,1,2,'wealthy'
15,3,16.792,0,2,'attractive'
16,4,1.577,0,2,'giving'
17,1,1.712,1,2,'loner'
18,1,1.496,1,2,'creepy'
19,1,0.659,0,3,'admired'
20,2,16.981,0,2,'caring'
21,3,0.902,0,3,'popular'
22,4,1.658,0,2,'thoughtful'
23,4,1.037,0,4,'independent'
24,4,0.983,1,3,'dishonest'
25,2,1.442,1,2,'angry'
26,2,1.388,0,2,'helpful'
27,1,0.686,0,1,'cool'
28,1,0.551,0,2,'trendy'
29,3,1.280,0,2,'charming'
30,3,0.794,1,2,'awkward'
31,3,0.470,0,3,'insecure'
32,4,16.522,1,1,'mean'
33,2,0.848,1,2,'lazy'
34,1,1.523,1,1,'shy'
35,2,1.226,0,3,'confident'
36,2,0.578,1,2,'grumpy'
37,4,0.605,1,2,'depressed'
38,3,1.631,0,2,'sexy'
39,4,0.956,1,2,'selfish'
40,3,1.685,0,2,'wihtdrawn'
41,1,0.767,0,2,'flirty'
42,1,0.497,0,1,'hot'
43,2,0.632,0,3,'trustworthy'
44,1,1.334,1,2,'boring'
45,4,1.604,0,3,'respectful'
46,4,1.469,0,4,'motivated'
47,3,1.199,0,3,'outgoing'
48,3,1.739,1,2,'loser'
