1,2,1.442,0,3,'trustworthy'
2,2,0.929,1,2,'depressed'
3,1,0.767,0,4,'adventurous'
4,1,0.875,0,2,'snobby'
5,3,0.983,0,1,'hot'
6,3,0.848,1,2,'awkward'
7,3,1.091,0,1,'cool'
8,4,1.280,0,2,'friendly'
9,1,1.415,1,2,'boring'
10,1,1.604,0,3,'outgoing'
11,2,0.524,0,4,'independent'
12,2,1.172,0,2,'loyal'
13,3,0.686,1,1,'shy'
14,4,1.064,1,2,'stubborn'
15,4,16.927,0,4,'motivated'
16,4,1.253,1,2,'grumpy'
17,2,0.794,1,3,'dishonest'
18,2,0.605,0,1,'calm'
19,2,1.712,1,2,'lazy'
20,1,0.713,0,3,'popular'
21,4,1.118,0,2,'thoughtful'
22,4,1.334,0,3,'confident'
23,3,1.631,1,2,'loser'
24,3,17.170,0,2,'flirty'
25,1,1.145,0,2,'sexy'
26,1,0.740,1,2,'loner'
27,2,0.659,0,2,'giving'
28,2,1.361,1,2,'selfish'
29,4,1.199,1,1,'mean'
30,4,1.658,0,1,'smart'
31,3,1.523,0,2,'trendy'
32,3,0.578,1,2,'creepy'
33,2,1.550,0,2,'helpful'
34,1,1.010,1,2,'ugly'
35,1,1.469,0,2,'attractive'
36,1,1.685,0,2,'charming'
37,3,0.497,0,3,'insecure'
38,3,17.008,0,2,'social'
39,4,1.226,0,2,'caring'
40,4,0.902,1,2,'angry'
41,1,1.307,0,2,'wihtdrawn'
42,1,0.632,1,1,'lame'
43,2,0.551,1,4,'unethical'
44,2,0.956,0,3,'respectful'
45,4,1.037,1,1,'rude'
46,3,0.470,0,3,'admired'
47,4,1.388,0,2,'patient'
48,3,0.821,1,2,'wealthy'
