1,1,1.307,1,2,'stubborn'
2,1,0.956,1,2,'depressed'
3,2,1.334,1,1,'lame'
4,2,1.361,1,2,'creepy'
5,3,1.550,0,3,'respectful'
6,3,1.415,0,3,'confident'
7,4,1.523,1,1,'shy'
8,4,0.902,0,3,'outgoing'
9,2,0.875,0,1,'hot'
10,2,1.037,0,3,'popular'
11,2,1.577,0,2,'flirty'
12,1,0.605,0,2,'patient'
13,4,1.145,1,2,'wealthy'
14,4,0.497,1,2,'ugly'
15,3,16.522,1,2,'lazy'
16,3,1.253,0,2,'loyal'
17,1,0.551,1,1,'rude'
18,2,1.685,0,2,'social'
19,1,1.739,0,2,'caring'
20,1,1.442,0,2,'giving'
21,3,1.280,0,2,'helpful'
22,3,1.631,0,4,'motivated'
23,4,0.578,0,2,'wihtdrawn'
24,4,0.848,1,2,'awkward'
25,2,1.064,0,2,'attractive'
26,2,0.524,1,2,'loser'
27,1,0.470,1,1,'mean'
28,1,0.794,0,2,'friendly'
29,4,0.686,0,2,'snobby'
30,3,16.198,1,3,'dishonest'
31,3,0.632,1,2,'grumpy'
32,3,0.821,0,1,'calm'
33,1,1.172,0,3,'trustworthy'
34,1,1.226,1,4,'unethical'
35,1,0.713,0,2,'thoughtful'
36,2,1.496,0,2,'trendy'
37,3,0.983,1,2,'selfish'
38,3,1.658,0,4,'independent'
39,4,1.388,1,2,'loner'
40,4,1.199,0,2,'charming'
41,2,0.740,0,1,'cool'
42,1,16.549,1,2,'angry'
43,2,1.712,0,3,'insecure'
44,2,0.659,0,4,'adventurous'
45,4,1.604,0,3,'admired'
46,4,0.929,0,2,'sexy'
47,4,1.010,1,2,'boring'
48,3,1.469,0,1,'smart'
