1,2,1.631,0,2,'trendy'
2,2,1.064,0,3,'admired'
3,1,1.091,0,1,'smart'
4,1,1.388,0,2,'caring'
5,3,1.307,0,2,'helpful'
6,3,0.983,0,2,'giving'
7,3,0.578,1,2,'angry'
8,4,1.469,0,4,'adventurous'
9,1,0.929,1,3,'dishonest'
10,1,1.415,1,2,'lazy'
11,2,1.199,0,2,'charming'
12,2,1.550,1,2,'loner'
13,3,0.875,1,2,'grumpy'
14,4,16.387,0,2,'snobby'
15,4,0.605,0,3,'outgoing'
16,4,0.794,0,2,'social'
17,2,0.659,1,2,'wealthy'
18,2,1.172,0,3,'popular'
19,1,1.037,0,3,'confident'
20,1,16.711,1,1,'mean'
21,4,0.902,0,2,'sexy'
22,3,1.496,0,1,'calm'
23,3,0.848,1,2,'stubborn'
24,3,0.524,0,4,'motivated'
25,1,0.470,0,3,'trustworthy'
26,1,0.740,1,4,'unethical'
27,2,1.145,0,2,'wihtdrawn'
28,2,0.821,0,2,'attractive'
29,4,1.334,0,3,'insecure'
30,4,1.010,0,1,'hot'
31,3,0.497,1,2,'depressed'
32,4,0.713,0,2,'flirty'
33,2,1.685,1,2,'boring'
34,2,1.658,1,1,'lame'
35,1,17.035,0,2,'patient'
36,1,1.118,1,2,'selfish'
37,4,0.551,0,1,'cool'
38,3,0.632,1,1,'rude'
39,3,1.712,0,2,'thoughtful'
40,3,1.253,0,2,'loyal'
41,1,1.577,0,4,'independent'
42,1,1.361,0,2,'friendly'
43,2,0.767,1,1,'shy'
44,2,1.739,1,2,'awkward'
45,4,1.226,1,2,'loser'
46,4,1.523,1,2,'creepy'
47,4,1.442,1,2,'ugly'
48,3,0.686,0,3,'respectful'
