1,2,0.578,0,2,'snobby'
2,2,1.118,1,2,'wealthy'
3,1,1.307,1,4,'unethical'
4,1,1.172,0,2,'thoughtful'
5,3,0.983,1,2,'lazy'
6,3,0.848,1,2,'selfish'
7,4,0.956,0,2,'wihtdrawn'
8,3,1.712,0,2,'friendly'
9,1,1.064,1,3,'dishonest'
10,1,16.576,0,2,'caring'
11,2,0.875,1,2,'creepy'
12,2,1.334,0,2,'attractive'
13,3,1.010,0,4,'motivated'
14,4,0.794,0,3,'popular'
15,4,1.253,0,2,'sexy'
16,4,0.902,1,2,'loner'
17,2,1.388,0,2,'flirty'
18,2,0.497,0,3,'outgoing'
19,2,0.551,1,2,'ugly'
20,1,0.740,0,1,'calm'
21,4,1.685,1,2,'boring'
22,4,1.091,0,1,'hot'
23,3,16.630,0,1,'smart'
24,3,0.713,1,2,'depressed'
25,1,1.361,1,1,'mean'
26,1,1.037,0,2,'loyal'
27,2,1.739,0,3,'admired'
28,1,1.415,1,2,'grumpy'
29,3,0.686,1,2,'angry'
30,3,1.226,0,2,'giving'
31,4,0.632,0,2,'charming'
32,4,0.767,0,3,'insecure'
33,2,1.604,0,4,'adventurous'
34,2,0.929,1,2,'loser'
35,1,1.658,0,2,'patient'
36,1,0.821,0,3,'respectful'
37,4,15.901,1,1,'shy'
38,3,1.550,0,3,'confident'
39,3,1.442,0,4,'independent'
40,3,1.496,0,3,'trustworthy'
41,1,1.631,1,2,'stubborn'
42,1,0.524,1,1,'rude'
43,2,1.469,0,2,'social'
44,2,1.280,1,1,'lame'
45,4,0.659,1,2,'awkward'
46,4,1.577,0,1,'cool'
47,4,1.523,0,2,'trendy'
48,3,0.605,0,2,'helpful'
