1,2,0.821,1,1,'rude'
2,2,0.524,0,1,'calm'
3,1,1.658,0,3,'admired'
4,1,1.118,0,2,'snobby'
5,4,1.469,0,4,'motivated'
6,4,1.712,1,2,'angry'
7,3,1.145,1,2,'ugly'
8,3,1.307,0,1,'hot'
9,1,1.037,1,2,'loser'
10,1,0.632,0,2,'social'
11,1,1.334,1,2,'creepy'
12,2,1.091,0,2,'thoughtful'
13,3,0.794,1,2,'awkward'
14,3,16.873,0,2,'attractive'
15,4,1.523,1,1,'mean'
16,4,0.875,0,3,'respectful'
17,2,1.172,0,2,'friendly'
18,2,1.604,1,2,'selfish'
19,2,1.496,1,2,'grumpy'
20,1,1.388,1,1,'shy'
21,4,0.605,1,4,'unethical'
22,4,1.577,1,2,'depressed'
23,3,0.983,1,2,'boring'
24,3,1.226,1,2,'wealthy'
25,2,0.929,1,2,'lazy'
26,1,1.631,0,2,'trendy'
27,1,1.010,0,4,'adventurous'
28,1,15.982,0,2,'charming'
29,3,1.199,0,3,'outgoing'
30,3,0.470,0,3,'popular'
31,4,1.739,0,3,'trustworthy'
32,4,1.064,1,3,'dishonest'
33,2,1.253,0,2,'giving'
34,2,1.550,0,2,'loyal'
35,2,1.361,0,2,'caring'
36,2,0.578,0,3,'confident'
37,4,0.659,0,4,'independent'
38,4,0.956,0,1,'smart'
39,3,0.848,0,2,'flirty'
40,3,1.415,1,1,'lame'
41,1,1.280,1,2,'loner'
42,1,0.686,0,1,'cool'
43,1,16.144,0,2,'wihtdrawn'
44,2,0.497,0,2,'helpful'
45,3,0.902,0,2,'sexy'
46,3,0.740,0,3,'insecure'
47,4,0.767,0,2,'patient'
48,4,1.685,1,2,'stubborn'
