1,2,1.334,1,2,'depressed'
2,2,0.659,1,1,'mean'
3,1,1.091,1,1,'shy'
4,1,1.739,0,1,'hot'
5,4,1.550,1,2,'stubborn'
6,4,1.577,0,2,'caring'
7,3,0.551,1,2,'loser'
8,3,1.145,1,2,'loner'
9,1,1.199,0,2,'social'
10,1,1.226,0,2,'snobby'
11,2,1.361,0,2,'patient'
12,1,0.983,0,4,'adventurous'
13,3,0.956,0,3,'admired'
14,3,0.632,0,2,'sexy'
15,4,16.360,1,2,'grumpy'
16,4,0.767,1,4,'unethical'
17,2,1.307,0,4,'motivated'
18,2,1.604,1,3,'dishonest'
19,1,1.010,1,2,'ugly'
20,1,1.388,1,1,'lame'
21,4,1.442,0,3,'respectful'
22,4,1.658,0,3,'confident'
23,3,16.927,1,2,'awkward'
24,3,1.685,0,2,'attractive'
25,1,1.118,1,2,'boring'
26,1,0.848,0,2,'wihtdrawn'
27,1,0.497,0,2,'charming'
28,2,1.523,1,2,'angry'
29,3,1.172,0,3,'insecure'
30,3,0.821,0,2,'trendy'
31,4,0.713,1,2,'selfish'
32,4,0.578,0,2,'giving'
33,2,0.875,1,1,'rude'
34,2,0.605,0,1,'calm'
35,2,1.253,0,2,'loyal'
36,2,1.631,0,1,'smart'
37,4,0.794,0,2,'thoughtful'
38,4,0.902,0,4,'independent'
39,3,0.686,1,2,'creepy'
40,3,1.415,1,2,'wealthy'
41,1,16.468,0,3,'popular'
42,1,1.064,0,1,'cool'
43,2,0.524,0,3,'trustworthy'
44,2,1.469,0,2,'friendly'
45,3,1.712,0,3,'outgoing'
46,3,1.280,0,2,'flirty'
47,4,0.740,0,2,'helpful'
48,4,0.470,1,2,'lazy'
