1,2,0.470,0,2,'caring'
2,1,1.523,1,2,'loner'
3,1,1.739,0,3,'insecure'
4,1,1.307,1,2,'creepy'
5,3,0.497,0,4,'adventurous'
6,3,0.659,0,1,'cool'
7,4,0.956,1,2,'selfish'
8,4,1.037,1,2,'angry'
9,1,16.009,0,2,'social'
10,2,0.902,0,3,'confident'
11,2,1.658,0,2,'loyal'
12,2,1.118,0,2,'thoughtful'
13,4,0.740,0,4,'motivated'
14,4,1.091,1,2,'depressed'
15,3,1.442,0,1,'hot'
16,3,1.334,0,2,'wihtdrawn'
17,1,0.713,1,2,'awkward'
18,1,1.550,0,2,'flirty'
19,2,0.605,1,2,'grumpy'
20,2,1.577,1,3,'dishonest'
21,3,0.821,1,1,'shy'
22,3,16.630,0,2,'attractive'
23,4,1.226,0,2,'patient'
24,4,1.496,1,1,'mean'
25,2,1.388,1,1,'rude'
26,2,0.983,0,3,'respectful'
27,1,1.064,1,2,'boring'
28,1,1.172,0,2,'trendy'
29,4,0.794,0,1,'smart'
30,4,0.848,1,2,'lazy'
31,3,1.604,0,2,'sexy'
32,3,1.415,1,2,'wealthy'
33,2,1.685,0,2,'friendly'
34,1,16.360,1,2,'ugly'
35,1,0.524,0,3,'popular'
36,2,0.686,0,3,'trustworthy'
37,3,0.875,1,2,'loser'
38,3,1.712,1,1,'lame'
39,4,0.767,0,1,'calm'
40,4,1.469,0,2,'helpful'
41,1,1.631,0,2,'charming'
42,1,1.280,0,3,'admired'
43,2,0.551,1,4,'unethical'
44,2,1.010,1,2,'stubborn'
45,4,1.253,0,2,'giving'
46,4,1.145,0,4,'independent'
47,3,1.361,0,2,'snobby'
48,3,0.632,0,3,'outgoing'
