1,1,0.794,0,2,'flirty'
2,1,1.604,1,1,'shy'
3,1,0.713,1,1,'lame'
4,2,1.307,0,2,'helpful'
5,3,1.091,1,2,'creepy'
6,3,1.064,0,1,'cool'
7,4,1.199,1,1,'mean'
8,4,1.469,0,3,'confident'
9,2,16.414,0,3,'trustworthy'
10,2,1.253,1,2,'depressed'
11,1,0.686,1,2,'wealthy'
12,2,1.631,1,2,'selfish'
13,4,1.658,1,4,'unethical'
14,4,1.010,0,2,'giving'
15,3,1.415,0,3,'insecure'
16,3,0.632,0,2,'attractive'
17,1,0.524,1,2,'ugly'
18,1,16.873,0,3,'popular'
19,2,0.740,0,2,'thoughtful'
20,2,0.767,1,3,'dishonest'
21,4,1.550,0,4,'independent'
22,3,1.226,0,2,'snobby'
23,4,0.848,1,2,'angry'
24,4,0.470,0,1,'smart'
25,2,1.280,0,2,'loyal'
26,2,0.875,1,2,'stubborn'
27,1,0.551,1,2,'awkward'
28,1,1.712,0,2,'charming'
29,4,1.577,0,2,'friendly'
30,3,1.496,0,2,'wihtdrawn'
31,3,0.821,0,4,'adventurous'
32,3,1.739,0,2,'sexy'
33,2,16.954,0,2,'caring'
34,1,1.388,1,2,'boring'
35,1,1.361,0,3,'outgoing'
36,1,0.605,1,2,'loser'
37,3,0.497,1,2,'loner'
38,3,0.929,0,3,'admired'
39,4,1.334,0,2,'patient'
40,4,0.578,1,1,'rude'
41,1,1.685,0,2,'trendy'
42,2,1.118,0,3,'respectful'
43,2,0.902,0,1,'calm'
44,2,1.172,1,2,'grumpy'
45,4,1.037,1,2,'lazy'
46,4,0.956,0,4,'motivated'
47,3,1.145,0,2,'social'
48,3,0.659,0,1,'hot'
