1,1,1.388,0,2,'giving'
2,1,1.334,0,2,'patient'
3,2,0.659,0,1,'cool'
4,2,0.686,0,3,'popular'
5,4,1.037,1,2,'loser'
6,4,0.632,0,2,'social'
7,3,0.983,0,2,'helpful'
8,3,0.605,0,4,'independent'
9,2,1.307,0,2,'trendy'
10,1,0.848,1,2,'depressed'
11,1,1.550,0,1,'smart'
12,1,1.685,1,4,'unethical'
13,3,1.496,0,2,'thoughtful'
14,3,1.064,1,2,'grumpy'
15,4,1.469,0,3,'admired'
16,4,0.929,1,2,'loner'
17,2,16.198,0,2,'attractive'
18,1,1.415,1,2,'selfish'
19,2,0.956,0,2,'wihtdrawn'
20,2,1.091,0,2,'flirty'
21,4,1.226,1,2,'ugly'
22,4,0.902,0,4,'adventurous'
23,3,16.873,1,2,'stubborn'
24,3,1.118,0,3,'confident'
25,1,0.470,0,3,'respectful'
26,1,1.010,1,2,'lazy'
27,1,0.875,0,2,'friendly'
28,2,1.604,1,2,'wealthy'
29,3,1.523,0,2,'caring'
30,3,1.172,1,3,'dishonest'
31,4,1.280,1,2,'creepy'
32,4,1.577,0,3,'insecure'
33,2,0.794,0,2,'sexy'
34,2,1.199,0,3,'outgoing'
35,2,0.578,0,2,'charming'
36,1,1.361,1,2,'angry'
37,4,0.821,1,2,'awkward'
38,4,1.712,1,1,'shy'
39,3,15.928,0,1,'calm'
40,3,1.739,0,4,'motivated'
41,2,0.740,0,1,'hot'
42,2,1.145,1,1,'lame'
43,1,0.524,1,1,'mean'
44,1,1.631,0,3,'trustworthy'
45,3,1.253,0,2,'loyal'
46,3,0.713,1,1,'rude'
47,4,1.658,0,2,'snobby'
48,4,0.551,1,2,'boring'
