1,2,1.199,1,2,'lazy'
2,2,0.605,0,3,'confident'
3,1,0.632,0,2,'trendy'
4,1,1.145,0,2,'snobby'
5,3,1.388,1,2,'loner'
6,3,1.415,0,3,'popular'
7,4,1.442,1,1,'rude'
8,4,1.631,1,2,'depressed'
9,1,1.469,0,2,'flirty'
10,2,1.577,1,2,'selfish'
11,2,1.658,0,2,'thoughtful'
12,2,0.983,0,1,'calm'
13,4,16.792,0,3,'respectful'
14,4,1.172,1,4,'unethical'
15,4,1.685,0,2,'loyal'
16,3,1.739,1,2,'boring'
17,2,1.226,0,2,'helpful'
18,1,16.171,0,2,'sexy'
19,1,1.064,0,4,'adventurous'
20,1,0.686,1,2,'awkward'
21,3,1.037,0,2,'wihtdrawn'
22,3,1.280,0,2,'charming'
23,4,0.470,0,3,'trustworthy'
24,3,0.821,0,3,'admired'
25,1,0.713,1,2,'creepy'
26,2,0.551,0,2,'friendly'
27,2,1.604,0,2,'caring'
28,2,1.334,0,4,'motivated'
29,4,0.956,0,2,'patient'
30,4,0.929,1,2,'grumpy'
31,3,0.497,0,2,'attractive'
32,4,0.524,1,2,'stubborn'
33,2,0.659,0,1,'smart'
34,1,1.496,0,1,'hot'
35,1,16.981,1,2,'wealthy'
36,1,0.902,0,2,'social'
37,4,0.848,1,3,'dishonest'
38,3,1.253,0,3,'insecure'
39,3,0.794,0,1,'cool'
40,3,0.875,1,1,'shy'
41,1,0.578,1,1,'lame'
42,1,1.010,1,2,'ugly'
43,2,1.307,0,2,'giving'
44,2,1.712,1,2,'angry'
45,3,0.767,1,2,'loser'
46,3,1.118,0,3,'outgoing'
47,4,1.523,1,1,'mean'
48,4,1.091,0,4,'independent'
