1,1,0.875,0,2,'flirty'
2,2,0.956,1,2,'selfish'
3,2,1.226,1,2,'angry'
4,2,1.577,1,3,'dishonest'
5,4,1.118,0,3,'respectful'
6,4,0.821,0,2,'patient'
7,3,1.064,0,4,'adventurous'
8,3,1.037,0,2,'attractive'
9,1,1.361,0,3,'insecure'
10,1,0.902,1,2,'creepy'
11,1,0.848,1,2,'awkward'
12,2,0.659,0,2,'thoughtful'
13,3,1.469,1,2,'loner'
14,3,16.171,1,1,'shy'
15,4,1.199,0,2,'loyal'
16,4,1.334,0,1,'calm'
17,2,1.253,1,4,'unethical'
18,2,0.605,0,4,'motivated'
19,2,1.685,0,2,'giving'
20,1,1.172,0,2,'charming'
21,4,0.929,1,2,'depressed'
22,4,0.578,0,4,'independent'
23,3,16.576,0,3,'popular'
24,3,0.524,0,3,'outgoing'
25,1,0.794,0,2,'snobby'
26,1,0.551,0,3,'admired'
27,1,1.604,0,2,'wihtdrawn'
28,1,1.496,1,2,'ugly'
29,3,1.712,0,2,'social'
30,3,1.415,0,1,'hot'
31,4,1.388,1,2,'stubborn'
32,4,1.307,0,3,'trustworthy'
33,2,1.091,1,1,'rude'
34,2,0.470,0,2,'caring'
35,2,1.442,0,2,'friendly'
36,1,0.632,1,2,'loser'
37,4,1.550,1,1,'mean'
38,4,1.010,0,3,'confident'
39,3,17.170,0,2,'trendy'
40,3,0.983,1,1,'lame'
41,2,1.280,0,1,'smart'
42,2,1.631,1,2,'grumpy'
43,1,0.767,1,2,'boring'
44,1,1.658,0,1,'cool'
45,3,0.497,0,2,'sexy'
46,3,0.686,1,2,'wealthy'
47,4,0.713,0,2,'helpful'
48,4,1.523,1,2,'lazy'
