1,1,1.037,1,4,'unethical'
2,1,1.226,0,4,'motivated'
3,2,1.442,0,3,'outgoing'
4,2,0.578,1,2,'ugly'
5,3,1.415,0,2,'friendly'
6,4,0.740,1,2,'creepy'
7,4,0.524,0,2,'snobby'
8,4,0.470,0,2,'social'
9,2,0.605,0,3,'admired'
10,2,0.497,0,2,'wihtdrawn'
11,1,1.334,0,2,'caring'
12,1,16.441,1,2,'angry'
13,3,1.307,0,1,'calm'
14,3,0.659,0,1,'smart'
15,4,1.145,1,2,'loser'
16,4,1.739,0,2,'sexy'
17,1,1.253,1,1,'rude'
18,2,1.712,1,2,'wealthy'
19,2,1.550,1,2,'awkward'
20,2,0.902,0,2,'attractive'
21,4,1.658,0,4,'adventurous'
22,4,1.064,0,2,'charming'
23,3,1.631,0,3,'respectful'
24,3,1.577,0,3,'confident'
25,2,0.632,0,1,'cool'
26,2,0.821,0,3,'popular'
27,1,0.875,0,2,'loyal'
28,1,0.929,1,3,'dishonest'
29,3,16.900,0,4,'independent'
30,3,1.496,0,3,'trustworthy'
31,4,1.361,1,1,'lame'
32,3,1.523,1,2,'selfish'
33,1,1.199,1,2,'depressed'
34,2,1.172,0,2,'flirty'
35,2,0.956,0,2,'trendy'
36,2,0.848,1,1,'shy'
37,4,16.522,0,1,'hot'
38,4,0.713,1,2,'loner'
39,3,1.685,0,2,'helpful'
40,3,0.794,1,2,'stubborn'
41,1,1.604,1,1,'mean'
42,1,0.767,0,2,'giving'
43,1,0.686,0,2,'patient'
44,1,1.388,1,2,'lazy'
45,3,0.983,0,2,'thoughtful'
46,3,0.551,1,2,'grumpy'
47,4,1.280,1,2,'boring'
48,4,1.118,0,3,'insecure'
