1,2,0.551,0,2,'trendy'
2,2,0.983,0,2,'snobby'
3,1,1.388,1,2,'lazy'
4,1,1.523,0,3,'confident'
5,4,1.091,1,2,'loner'
6,4,0.470,0,3,'popular'
7,3,0.794,1,1,'rude'
8,3,0.956,1,2,'depressed'
9,2,1.604,0,2,'flirty'
10,2,1.145,0,2,'sexy'
11,1,1.415,1,2,'selfish'
12,1,16.306,0,2,'thoughtful'
13,3,1.037,0,3,'respectful'
14,3,1.631,1,4,'unethical'
15,4,0.848,1,2,'boring'
16,4,0.605,0,2,'wihtdrawn'
17,2,1.712,0,4,'adventurous'
18,2,0.821,1,2,'awkward'
19,2,1.064,1,2,'creepy'
20,1,0.902,0,1,'calm'
21,4,0.929,0,2,'charming'
22,4,1.658,0,3,'admired'
23,3,16.549,0,2,'loyal'
24,3,1.469,0,3,'trustworthy'
25,1,1.577,0,2,'helpful'
26,1,0.497,0,2,'friendly'
27,1,0.767,0,2,'caring'
28,2,1.496,0,1,'hot'
29,3,1.361,0,2,'patient'
30,3,0.659,1,2,'grumpy'
31,4,1.199,0,2,'attractive'
32,4,0.686,0,3,'insecure'
33,1,0.578,0,4,'motivated'
34,2,1.334,1,2,'wealthy'
35,2,1.307,0,2,'social'
36,2,1.172,1,1,'lame'
37,4,1.010,0,1,'cool'
38,4,0.740,1,1,'shy'
39,3,16.873,1,2,'stubborn'
40,3,1.739,1,3,'dishonest'
41,1,1.226,0,1,'smart'
42,1,1.550,0,2,'giving'
43,1,1.685,1,2,'angry'
44,2,0.524,1,2,'ugly'
45,3,0.713,1,1,'mean'
46,3,0.632,0,4,'independent'
47,4,1.280,1,2,'loser'
48,4,1.253,0,3,'outgoing'
