1,2,0.497,0,2,'trendy'
2,1,0.929,0,1,'smart'
3,1,1.307,0,4,'motivated'
4,1,0.983,1,2,'grumpy'
5,3,0.659,0,1,'calm'
6,3,1.550,0,2,'giving'
7,4,1.280,0,2,'sexy'
8,4,1.361,0,2,'snobby'
9,1,0.713,1,2,'lazy'
10,2,0.848,0,2,'wihtdrawn'
11,1,1.199,1,4,'unethical'
12,2,1.037,0,2,'charming'
13,4,0.524,0,1,'cool'
14,4,1.064,0,3,'popular'
15,3,0.470,0,2,'loyal'
16,3,0.740,0,3,'respectful'
17,1,16.306,1,2,'depressed'
18,1,1.577,1,2,'stubborn'
19,2,0.686,1,2,'creepy'
20,2,0.821,1,2,'ugly'
21,3,1.091,0,2,'helpful'
22,3,0.794,1,1,'rude'
23,4,0.578,0,3,'admired'
24,4,0.902,0,2,'social'
25,2,1.253,1,2,'boring'
26,2,0.956,1,1,'lame'
27,2,1.496,1,2,'loner'
28,1,1.145,1,2,'angry'
29,4,0.767,0,3,'outgoing'
30,4,16.765,0,2,'attractive'
31,3,1.523,0,2,'patient'
32,3,16.657,1,2,'selfish'
33,2,1.415,1,2,'wealthy'
34,1,1.739,0,2,'friendly'
35,1,0.632,1,1,'mean'
36,1,1.442,0,3,'trustworthy'
37,3,1.388,1,3,'dishonest'
38,3,1.631,0,2,'thoughtful'
39,4,1.010,0,1,'hot'
40,4,1.712,1,2,'loser'
41,1,1.172,0,4,'independent'
42,2,0.551,1,2,'awkward'
43,2,1.604,0,3,'insecure'
44,2,1.118,0,4,'adventurous'
45,4,1.469,1,1,'shy'
46,4,1.658,0,2,'flirty'
47,3,0.605,0,2,'caring'
48,3,1.685,0,3,'confident'
