1,1,0.794,0,3,'trustworthy'
2,2,0.470,1,1,'lame'
3,2,1.523,0,1,'cool'
4,1,1.361,0,1,'calm'
5,3,0.929,1,2,'angry'
6,4,1.199,1,2,'creepy'
7,3,0.497,0,2,'thoughtful'
8,3,1.145,1,3,'dishonest'
9,1,16.981,1,2,'stubborn'
10,1,0.713,1,2,'lazy'
11,2,0.659,1,2,'loser'
12,2,1.469,0,3,'admired'
13,4,1.010,0,2,'attractive'
14,4,1.172,1,2,'loner'
15,4,0.524,0,3,'outgoing'
16,3,1.037,0,2,'helpful'
17,2,1.253,0,2,'wihtdrawn'
18,2,0.821,1,1,'shy'
19,2,1.091,1,2,'awkward'
20,1,0.767,0,2,'loyal'
21,4,1.604,0,2,'sexy'
22,3,0.605,0,2,'caring'
23,3,1.415,0,4,'motivated'
24,4,1.685,0,2,'trendy'
25,1,0.740,0,4,'independent'
26,1,1.307,1,1,'mean'
27,1,0.983,1,2,'depressed'
28,2,1.577,0,2,'flirty'
29,3,0.848,0,1,'smart'
30,4,0.875,0,2,'snobby'
31,4,16.765,1,2,'ugly'
32,4,1.712,1,2,'wealthy'
33,2,1.280,1,2,'boring'
34,2,1.739,0,1,'hot'
35,2,1.064,0,4,'adventurous'
36,1,0.902,0,3,'confident'
37,4,1.118,0,2,'social'
38,3,0.686,1,2,'grumpy'
39,3,1.226,1,1,'rude'
40,3,1.388,1,4,'unethical'
41,1,15.982,0,2,'patient'
42,1,0.632,1,2,'selfish'
43,1,0.956,0,3,'respectful'
44,2,1.631,0,3,'popular'
45,3,0.578,0,2,'giving'
46,4,1.496,0,2,'charming'
47,4,1.658,0,3,'insecure'
48,3,1.442,0,2,'friendly'
