1,1,1.010,1,1,'rude'
2,1,0.875,0,2,'patient'
3,2,0.848,1,2,'awkward'
4,2,1.226,0,3,'insecure'
5,4,0.767,0,2,'wihtdrawn'
6,4,16.387,0,3,'admired'
7,4,0.929,1,2,'ugly'
8,3,1.577,0,2,'loyal'
9,2,0.632,1,2,'loner'
10,2,1.712,0,2,'sexy'
11,1,0.902,0,2,'helpful'
12,1,0.578,0,4,'motivated'
13,3,1.604,1,1,'mean'
14,3,1.199,1,2,'grumpy'
15,3,0.686,0,3,'confident'
16,4,0.605,1,2,'wealthy'
17,1,1.118,1,4,'unethical'
18,1,0.983,1,2,'selfish'
19,2,0.551,1,2,'boring'
20,2,1.658,0,1,'hot'
21,4,16.495,1,2,'creepy'
22,4,1.280,0,2,'snobby'
23,3,0.470,0,2,'thoughtful'
24,3,0.497,1,2,'stubborn'
25,2,1.550,0,3,'popular'
26,1,0.713,0,3,'trustworthy'
27,1,1.631,1,2,'depressed'
28,1,1.253,0,2,'giving'
29,3,1.523,0,2,'caring'
30,3,1.091,0,1,'calm'
31,3,1.037,0,4,'independent'
32,4,1.685,1,2,'loser'
33,2,1.739,1,1,'shy'
34,1,1.415,1,2,'angry'
35,2,1.469,0,2,'flirty'
36,2,1.307,0,2,'attractive'
37,3,1.442,0,2,'friendly'
38,4,1.172,0,2,'trendy'
39,4,1.361,0,2,'charming'
40,4,16.765,0,3,'outgoing'
41,2,1.388,0,4,'adventurous'
42,2,1.145,0,2,'social'
43,1,0.524,1,2,'lazy'
44,1,0.821,0,1,'smart'
45,4,0.659,1,1,'lame'
46,4,1.496,0,1,'cool'
47,3,0.740,1,3,'dishonest'
48,3,0.794,0,3,'respectful'
