1,1,0.551,1,1,'rude'
2,1,1.361,0,1,'calm'
3,2,1.658,0,3,'admired'
4,2,0.740,0,2,'snobby'
5,4,1.685,1,2,'ugly'
6,4,1.145,0,1,'hot'
7,4,1.415,1,2,'awkward'
8,4,0.713,0,2,'attractive'
9,2,0.686,1,2,'loser'
10,2,1.199,0,2,'social'
11,1,16.387,0,2,'thoughtful'
12,1,1.523,0,2,'friendly'
13,3,1.469,0,4,'motivated'
14,3,1.118,1,2,'angry'
15,3,0.659,1,1,'mean'
16,4,1.010,1,2,'boring'
17,1,1.334,1,2,'selfish'
18,1,1.226,1,2,'grumpy'
19,2,0.470,1,2,'creepy'
20,2,0.848,1,1,'shy'
21,4,1.172,1,2,'wealthy'
22,4,1.091,0,3,'outgoing'
23,3,1.307,0,3,'respectful'
24,3,1.388,1,4,'unethical'
25,1,1.253,1,2,'lazy'
26,1,0.902,0,2,'giving'
27,1,0.929,0,2,'loyal'
28,2,16.927,0,2,'trendy'
29,3,1.577,1,2,'depressed'
30,3,0.767,0,3,'trustworthy'
31,3,1.442,1,3,'dishonest'
32,4,16.252,0,3,'popular'
33,2,1.280,0,4,'adventurous'
34,1,0.524,0,2,'caring'
35,2,1.712,0,2,'charming'
36,2,0.632,1,2,'loner'
37,4,0.983,0,2,'flirty'
38,4,0.875,1,1,'lame'
39,3,0.497,0,4,'independent'
40,3,1.064,0,1,'smart'
41,2,0.578,0,1,'cool'
42,2,1.550,0,2,'wihtdrawn'
43,1,1.037,0,3,'confident'
44,1,0.605,0,2,'helpful'
45,3,1.631,0,2,'patient'
46,3,1.739,1,2,'stubborn'
47,4,0.794,0,2,'sexy'
48,4,1.604,0,3,'insecure'
