1,1,0.659,0,2,'helpful'
2,1,0.686,0,2,'loyal'
3,2,0.821,0,2,'flirty'
4,2,1.739,0,2,'sexy'
5,4,1.118,1,2,'ugly'
6,4,1.010,0,2,'snobby'
7,3,1.172,0,1,'calm'
8,3,1.496,0,2,'thoughtful'
9,2,0.632,0,2,'wihtdrawn'
10,2,0.713,0,3,'admired'
11,1,1.685,0,3,'trustworthy'
12,1,0.956,0,2,'caring'
13,3,16.846,0,3,'respectful'
14,3,1.712,0,2,'patient'
15,3,0.497,1,2,'stubborn'
16,4,0.470,0,2,'social'
17,1,0.605,1,3,'dishonest'
18,1,16.900,0,4,'independent'
19,2,0.929,1,2,'awkward'
20,2,0.902,1,1,'shy'
21,3,1.307,0,2,'friendly'
22,4,0.875,1,2,'creepy'
23,4,1.199,1,2,'wealthy'
24,4,0.578,0,3,'popular'
25,2,1.523,0,1,'cool'
26,2,0.848,1,2,'loner'
27,1,0.767,1,2,'depressed'
28,1,1.604,1,1,'rude'
29,3,1.550,1,2,'selfish'
30,3,1.226,0,1,'smart'
31,3,1.631,1,2,'lazy'
32,4,1.442,0,3,'outgoing'
33,1,16.711,0,2,'giving'
34,1,0.794,1,2,'grumpy'
35,2,1.037,0,3,'insecure'
36,2,1.091,0,4,'adventurous'
37,4,1.388,0,2,'trendy'
38,4,0.983,1,2,'boring'
39,4,1.577,0,2,'charming'
40,4,1.361,0,2,'attractive'
41,2,1.145,1,2,'loser'
42,2,0.740,1,1,'lame'
43,1,0.551,1,4,'unethical'
44,1,1.658,1,1,'mean'
45,3,1.064,0,4,'motivated'
46,4,0.524,0,1,'hot'
47,3,1.334,0,3,'confident'
48,3,1.253,1,2,'angry'
