1,2,1.550,0,1,'hot'
2,2,1.307,0,3,'outgoing'
3,1,1.064,0,3,'confident'
4,1,1.280,1,2,'angry'
5,3,0.524,1,1,'rude'
6,3,1.172,1,3,'dishonest'
7,4,0.497,0,3,'insecure'
8,4,0.848,1,2,'loser'
9,1,1.442,0,4,'motivated'
10,1,1.118,1,2,'depressed'
11,2,1.739,1,2,'awkward'
12,2,16.333,0,3,'popular'
13,3,0.875,1,2,'grumpy'
14,4,1.388,1,2,'boring'
15,4,1.199,0,2,'flirty'
16,4,1.604,1,2,'ugly'
17,2,1.037,0,2,'attractive'
18,2,1.496,0,3,'admired'
19,2,1.523,0,2,'social'
20,1,1.631,1,4,'unethical'
21,4,1.361,1,2,'wealthy'
22,3,1.685,0,1,'calm'
23,3,1.415,1,2,'stubborn'
24,3,0.821,0,3,'respectful'
25,1,1.091,0,2,'patient'
26,1,0.929,1,2,'selfish'
27,2,17.008,0,2,'charming'
28,1,0.551,0,2,'caring'
29,3,0.767,0,1,'smart'
30,4,0.794,0,1,'cool'
31,4,1.658,1,1,'lame'
32,3,1.226,0,3,'trustworthy'
33,2,1.010,0,2,'trendy'
34,2,0.956,1,1,'shy'
35,1,1.334,0,2,'helpful'
36,1,0.686,0,2,'giving'
37,4,0.578,0,2,'sexy'
38,3,1.469,1,1,'mean'
39,3,0.713,0,2,'friendly'
40,3,0.632,1,2,'lazy'
41,1,0.983,0,2,'thoughtful'
42,1,1.145,0,4,'independent'
43,2,15.901,1,2,'loner'
44,2,0.605,1,2,'creepy'
45,4,1.712,0,2,'wihtdrawn'
46,4,0.659,0,4,'adventurous'
47,4,1.253,0,2,'snobby'
48,3,0.740,0,2,'loyal'
