1,1,1.658,1,2,'selfish'
2,2,1.361,0,1,'hot'
3,2,1.145,1,2,'creepy'
4,1,1.091,1,1,'rude'
5,4,1.064,0,3,'outgoing'
6,4,0.902,1,2,'loner'
7,4,0.470,1,2,'loser'
8,3,0.956,1,2,'lazy'
9,2,1.253,0,3,'admired'
10,2,0.524,0,2,'trendy'
11,1,1.172,0,3,'confident'
12,1,1.523,0,4,'motivated'
13,3,1.280,1,4,'unethical'
14,3,16.171,1,3,'dishonest'
15,3,1.442,0,4,'independent'
16,4,0.713,0,2,'charming'
17,1,1.496,1,2,'grumpy'
18,2,1.010,1,2,'awkward'
19,2,1.712,0,2,'sexy'
20,2,1.631,1,1,'shy'
21,4,1.577,0,2,'flirty'
22,4,17.116,0,2,'snobby'
23,4,0.794,1,2,'boring'
24,3,1.469,0,3,'respectful'
25,2,0.632,0,2,'wihtdrawn'
26,1,1.739,1,2,'depressed'
27,1,0.767,0,2,'helpful'
28,1,0.875,0,2,'caring'
29,3,0.551,0,1,'smart'
30,3,0.578,0,2,'friendly'
31,3,1.388,0,2,'giving'
32,4,1.199,0,1,'cool'
33,1,1.604,1,2,'stubborn'
34,2,0.929,1,1,'lame'
35,2,0.605,1,2,'wealthy'
36,2,0.848,0,4,'adventurous'
37,4,1.334,0,3,'insecure'
38,4,1.118,0,3,'popular'
39,4,1.226,0,2,'social'
40,3,1.415,1,2,'angry'
41,2,16.252,0,2,'attractive'
42,1,1.307,0,2,'loyal'
43,1,0.983,0,1,'calm'
44,1,0.686,0,2,'patient'
45,3,1.037,0,2,'thoughtful'
46,3,0.497,0,3,'trustworthy'
47,3,1.550,1,1,'mean'
48,4,0.659,1,2,'ugly'
