1,2,0.929,1,1,'rude'
2,2,0.578,0,2,'patient'
3,1,1.091,1,2,'awkward'
4,1,0.470,0,3,'insecure'
5,3,1.118,0,2,'wihtdrawn'
6,3,16.495,0,3,'admired'
7,4,1.550,0,2,'loyal'
8,4,1.037,1,1,'mean'
9,1,1.307,1,2,'loner'
10,1,1.631,0,2,'sexy'
11,2,1.523,0,2,'helpful'
12,2,1.415,0,4,'motivated'
13,4,1.172,1,2,'grumpy'
14,4,0.875,0,3,'confident'
15,4,1.577,0,2,'thoughtful'
16,3,0.794,1,2,'ugly'
17,2,1.010,1,4,'unethical'
18,2,0.713,1,2,'selfish'
19,1,1.226,1,2,'boring'
20,1,1.469,0,1,'hot'
21,3,1.658,1,2,'wealthy'
22,3,0.983,1,2,'creepy'
23,3,1.145,0,2,'snobby'
24,3,15.955,1,2,'loser'
25,1,1.739,0,3,'popular'
26,1,0.956,1,1,'shy'
27,2,0.659,0,3,'trustworthy'
28,2,1.685,1,2,'depressed'
29,4,0.686,1,2,'stubborn'
30,3,0.740,0,2,'trendy'
31,4,1.604,0,2,'caring'
32,4,1.442,0,1,'calm'
33,2,1.334,0,2,'giving'
34,2,0.902,1,2,'angry'
35,2,0.497,1,2,'lazy'
36,1,0.848,0,2,'flirty'
37,4,0.551,0,4,'independent'
38,4,0.632,0,2,'friendly'
39,3,1.361,0,2,'charming'
40,3,16.927,0,3,'outgoing'
41,1,1.199,0,2,'attractive'
42,1,1.253,0,4,'adventurous'
43,1,1.388,0,2,'social'
44,2,1.712,0,1,'smart'
45,3,0.605,1,1,'lame'
46,3,1.280,0,1,'cool'
47,4,0.767,1,3,'dishonest'
48,4,0.821,0,3,'respectful'
