1,1,1.577,1,2,'grumpy'
2,1,0.740,0,2,'friendly'
3,2,0.497,0,3,'popular'
4,2,1.280,0,2,'social'
5,4,1.172,1,2,'ugly'
6,4,0.902,0,2,'attractive'
7,3,0.767,1,2,'depressed'
8,3,1.091,0,2,'patient'
9,2,0.983,1,2,'creepy'
10,1,16.036,1,2,'angry'
11,1,0.875,0,1,'calm'
12,1,0.929,1,4,'unethical'
13,3,1.118,0,2,'giving'
14,3,0.686,0,2,'caring'
15,4,1.739,1,2,'wealthy'
16,4,1.226,1,2,'boring'
17,1,0.578,0,4,'independent'
18,2,1.712,0,2,'trendy'
19,2,1.496,0,2,'flirty'
20,2,0.470,0,4,'adventurous'
21,4,0.794,0,2,'charming'
22,4,1.199,1,1,'lame'
23,3,1.442,0,3,'trustworthy'
24,3,0.551,1,1,'mean'
25,2,1.361,0,1,'hot'
26,1,1.523,1,3,'dishonest'
27,2,0.524,0,3,'insecure'
28,1,0.848,1,2,'stubborn'
29,3,1.334,1,2,'lazy'
30,3,16.495,0,2,'helpful'
31,4,1.145,0,3,'admired'
32,4,0.632,0,2,'sexy'
33,1,1.037,0,2,'loyal'
34,2,1.550,1,2,'awkward'
35,2,0.713,0,3,'outgoing'
36,2,16.441,1,2,'loser'
37,4,1.388,0,2,'snobby'
38,4,1.658,1,2,'loner'
39,3,1.469,0,3,'confident'
40,3,1.604,0,1,'smart'
41,2,1.631,1,1,'shy'
42,1,0.659,0,2,'thoughtful'
43,1,1.415,1,2,'selfish'
44,1,1.253,0,3,'respectful'
45,3,1.307,0,4,'motivated'
46,3,0.956,1,1,'rude'
47,4,0.821,0,1,'cool'
48,4,1.685,0,2,'wihtdrawn'
