1,2,1.199,0,2,'trendy'
2,1,1.739,1,2,'selfish'
3,1,0.470,0,4,'motivated'
4,1,0.983,1,2,'stubborn'
5,3,1.469,0,3,'trustworthy'
6,3,0.686,0,2,'giving'
7,4,1.253,0,3,'outgoing'
8,4,1.361,0,1,'hot'
9,1,0.821,0,3,'respectful'
10,2,0.551,1,2,'awkward'
11,2,0.767,0,2,'charming'
12,2,1.631,1,2,'ugly'
13,4,0.713,1,2,'loner'
14,4,17.035,1,2,'loser'
15,3,1.523,0,2,'thoughtful'
16,3,0.605,0,1,'smart'
17,2,1.091,0,2,'snobby'
18,1,0.524,1,1,'rude'
19,1,17.116,0,2,'caring'
20,1,1.658,0,2,'patient'
21,3,1.442,1,3,'dishonest'
22,3,1.010,0,2,'friendly'
23,4,0.848,1,2,'wealthy'
24,4,0.902,0,2,'attractive'
25,1,0.632,1,2,'depressed'
26,2,1.334,0,2,'sexy'
27,2,0.956,1,1,'shy'
28,2,1.145,1,2,'creepy'
29,4,1.388,1,1,'lame'
30,4,1.037,0,3,'insecure'
31,3,1.064,0,4,'independent'
32,3,1.415,1,2,'lazy'
33,1,16.603,0,3,'confident'
34,1,0.578,1,1,'mean'
35,1,1.118,1,2,'angry'
36,2,0.875,0,2,'flirty'
37,3,0.659,0,1,'calm'
38,3,1.577,0,2,'helpful'
39,4,1.280,0,4,'adventurous'
40,4,0.740,0,2,'wihtdrawn'
41,2,0.497,0,3,'admired'
42,2,1.226,1,2,'boring'
43,2,1.307,0,1,'cool'
44,1,1.496,1,2,'grumpy'
45,4,0.929,0,3,'popular'
46,3,1.550,1,4,'unethical'
47,4,1.712,0,2,'social'
48,3,0.794,0,2,'loyal'
