1,2,1.226,1,2,'depressed'
2,1,0.497,0,1,'hot'
3,1,0.659,1,2,'awkward'
4,1,1.442,0,2,'snobby'
5,3,16.063,0,2,'charming'
6,3,0.551,0,2,'trendy'
7,3,1.253,1,2,'loner'
8,4,1.523,1,2,'angry'
9,1,0.821,0,2,'social'
10,2,1.712,0,3,'trustworthy'
11,2,1.604,0,4,'independent'
12,2,0.848,0,1,'smart'
13,4,0.605,0,2,'friendly'
14,4,0.794,0,1,'calm'
15,3,1.334,1,2,'ugly'
16,3,1.685,0,3,'insecure'
17,2,1.037,1,4,'unethical'
18,1,0.956,0,4,'adventurous'
19,1,1.496,1,1,'shy'
20,2,16.144,1,1,'mean'
21,3,1.199,1,2,'wealthy'
22,3,1.415,1,1,'lame'
23,4,0.470,1,2,'stubborn'
24,4,1.361,1,2,'lazy'
25,1,0.983,1,2,'creepy'
26,2,0.767,0,2,'giving'
27,2,1.118,1,2,'grumpy'
28,2,1.010,0,2,'caring'
29,4,0.524,0,3,'respectful'
30,4,1.145,0,4,'motivated'
31,3,1.550,0,1,'cool'
32,3,0.578,0,3,'admired'
33,1,1.739,0,2,'wihtdrawn'
34,1,0.875,0,3,'outgoing'
35,1,0.929,1,2,'loser'
36,1,0.902,0,2,'sexy'
37,3,1.388,0,2,'flirty'
38,3,0.740,1,2,'boring'
39,4,1.064,1,1,'rude'
40,4,1.577,0,2,'helpful'
41,2,16.900,0,2,'thoughtful'
42,2,1.172,0,2,'loyal'
43,2,0.686,1,3,'dishonest'
44,1,1.091,0,3,'popular'
45,4,1.631,0,3,'confident'
46,4,1.307,0,2,'patient'
47,4,1.280,1,2,'selfish'
48,3,1.658,0,2,'attractive'
