1,1,1.577,0,2,'trendy'
2,1,0.659,0,3,'admired'
3,2,0.632,0,1,'smart'
4,2,1.496,0,2,'caring'
5,3,1.631,0,4,'adventurous'
6,4,1.361,0,2,'helpful'
7,4,1.199,0,2,'giving'
8,4,0.551,1,2,'angry'
9,2,16.549,1,3,'dishonest'
10,2,1.172,1,2,'lazy'
11,1,1.253,0,2,'charming'
12,1,1.523,1,2,'loner'
13,4,0.686,1,2,'grumpy'
14,4,1.685,0,1,'calm'
15,3,1.550,0,2,'snobby'
16,3,0.713,0,3,'outgoing'
17,1,0.983,1,2,'wealthy'
18,1,0.605,0,3,'popular'
19,2,1.712,0,3,'confident'
20,2,0.794,1,1,'mean'
21,4,0.497,1,2,'stubborn'
22,4,1.091,0,4,'motivated'
23,3,0.767,0,2,'social'
24,3,1.307,0,2,'sexy'
25,2,1.415,0,3,'trustworthy'
26,2,1.739,1,4,'unethical'
27,1,15.901,0,2,'wihtdrawn'
28,1,1.469,0,2,'attractive'
29,3,1.010,0,3,'insecure'
30,3,1.037,0,1,'hot'
31,3,1.280,0,2,'flirty'
32,3,0.524,0,1,'cool'
33,1,0.740,1,2,'boring'
34,1,1.658,1,1,'lame'
35,2,1.604,0,2,'patient'
36,2,1.334,1,2,'selfish'
37,4,1.388,1,2,'depressed'
38,3,0.578,1,2,'loser'
39,4,1.145,1,1,'rude'
40,4,1.226,0,2,'thoughtful'
41,2,16.252,0,4,'independent'
42,2,0.902,0,2,'friendly'
43,1,1.442,1,1,'shy'
44,1,0.929,1,2,'awkward'
45,3,1.064,1,2,'creepy'
46,3,0.848,1,2,'ugly'
47,4,0.956,0,2,'loyal'
48,4,0.875,0,3,'respectful'
