1,2,0.902,1,1,'shy'
2,2,1.226,0,1,'hot'
3,1,1.253,1,2,'depressed'
4,1,1.280,1,1,'mean'
5,3,16.954,1,2,'stubborn'
6,3,0.983,0,2,'caring'
7,3,0.686,1,2,'grumpy'
8,4,0.551,1,2,'loser'
9,1,1.631,0,2,'patient'
10,1,1.469,0,4,'motivated'
11,2,1.550,0,2,'social'
12,2,1.037,0,2,'snobby'
13,3,1.658,1,4,'unethical'
14,4,1.307,1,2,'loner'
15,4,1.712,0,3,'admired'
16,4,0.929,0,2,'sexy'
17,2,1.415,0,4,'adventurous'
18,2,1.388,1,2,'ugly'
19,1,1.145,1,3,'dishonest'
20,1,1.604,1,2,'angry'
21,3,1.118,0,3,'respectful'
22,3,1.172,0,3,'confident'
23,4,0.821,1,2,'awkward'
24,4,1.010,0,2,'attractive'
25,1,1.739,1,1,'rude'
26,1,16.873,0,1,'calm'
27,2,1.496,1,1,'lame'
28,2,1.685,1,2,'boring'
29,4,0.470,0,3,'insecure'
30,4,0.740,0,2,'trendy'
31,3,0.767,1,2,'selfish'
32,3,0.956,0,2,'giving'
33,2,0.578,0,2,'wihtdrawn'
34,2,1.361,0,2,'charming'
35,1,1.577,0,2,'loyal'
36,1,0.848,0,1,'smart'
37,4,1.064,1,2,'creepy'
38,3,0.524,0,2,'thoughtful'
39,3,16.765,0,4,'independent'
40,3,0.605,0,2,'helpful'
41,1,0.713,0,3,'trustworthy'
42,1,0.659,0,2,'friendly'
43,2,0.632,0,3,'popular'
44,2,0.875,0,1,'cool'
45,4,0.497,1,2,'wealthy'
46,4,1.199,0,3,'outgoing'
47,4,1.091,0,2,'flirty'
48,3,0.794,1,2,'lazy'
