1,2,1.064,1,2,'selfish'
2,1,1.280,0,1,'hot'
3,1,0.470,1,2,'creepy'
4,1,1.577,0,3,'admired'
5,3,1.469,0,3,'outgoing'
6,3,1.010,1,2,'loner'
7,3,1.442,1,2,'loser'
8,4,0.524,1,2,'lazy'
9,1,1.685,0,2,'trendy'
10,1,1.118,1,2,'awkward'
11,2,1.739,1,1,'rude'
12,2,16.117,0,3,'confident'
13,3,1.037,0,2,'charming'
14,4,0.659,1,4,'unethical'
15,4,0.821,1,3,'dishonest'
16,4,0.578,0,4,'independent'
17,2,0.794,0,4,'motivated'
18,2,0.632,1,2,'grumpy'
19,1,1.631,0,2,'sexy'
20,1,1.658,1,1,'shy'
21,4,1.361,0,3,'respectful'
22,4,1.523,0,1,'smart'
23,3,0.875,0,2,'flirty'
24,3,16.522,0,2,'snobby'
25,1,1.604,0,2,'wihtdrawn'
26,1,0.713,1,1,'lame'
27,2,1.415,1,2,'depressed'
28,2,1.145,0,2,'helpful'
29,3,0.740,1,2,'boring'
30,3,1.172,0,1,'cool'
31,4,0.767,0,2,'friendly'
32,4,1.712,0,2,'giving'
33,2,0.605,0,2,'caring'
34,2,0.902,1,2,'stubborn'
35,2,0.929,0,2,'loyal'
36,1,0.848,1,2,'wealthy'
37,4,0.551,1,2,'angry'
38,4,0.956,0,2,'thoughtful'
39,3,1.388,0,3,'insecure'
40,3,16.981,0,3,'popular'
41,1,1.199,0,4,'adventurous'
42,2,1.334,0,1,'calm'
43,1,1.226,0,2,'attractive'
44,2,1.253,0,2,'patient'
45,3,1.496,0,2,'social'
46,4,0.983,0,3,'trustworthy'
47,4,0.497,1,1,'mean'
48,3,1.307,1,2,'ugly'
