1,1,1.469,1,1,'mean'
2,1,1.199,0,2,'patient'
3,2,1.253,0,3,'outgoing'
4,2,1.604,0,1,'hot'
5,4,1.739,0,2,'snobby'
6,4,1.118,1,2,'boring'
7,3,0.821,1,4,'unethical'
8,3,0.983,1,1,'rude'
9,2,0.740,0,3,'admired'
10,2,1.577,0,3,'insecure'
11,1,15.928,1,2,'depressed'
12,1,0.902,1,2,'stubborn'
13,3,1.010,0,4,'independent'
14,3,1.280,0,3,'respectful'
15,4,0.713,1,2,'wealthy'
16,4,1.415,1,2,'ugly'
17,1,1.388,1,2,'lazy'
18,2,1.523,0,2,'social'
19,2,1.172,0,2,'wihtdrawn'
20,2,0.956,0,2,'attractive'
21,4,1.226,1,2,'awkward'
22,4,1.145,1,2,'creepy'
23,3,0.848,0,2,'loyal'
24,3,1.658,0,2,'thoughtful'
25,2,0.524,0,2,'flirty'
26,1,0.605,1,2,'selfish'
27,1,1.631,0,3,'confident'
28,1,0.470,0,2,'helpful'
29,3,1.496,1,2,'angry'
30,3,15.982,0,3,'trustworthy'
31,4,1.550,0,2,'trendy'
32,4,1.712,1,1,'lame'
33,1,1.064,0,2,'caring'
34,2,0.686,1,1,'shy'
35,2,1.442,0,3,'popular'
36,2,0.578,1,2,'loser'
37,4,1.361,0,2,'sexy'
38,4,1.334,0,2,'charming'
39,3,1.037,1,3,'dishonest'
40,3,0.632,0,4,'motivated'
41,2,0.875,1,2,'loner'
42,1,0.659,0,1,'smart'
43,1,1.307,0,1,'calm'
44,1,16.198,0,2,'giving'
45,3,1.685,0,2,'friendly'
46,3,0.794,1,2,'grumpy'
47,4,0.929,0,4,'adventurous'
48,4,1.091,0,1,'cool'
