1,1,1.145,0,3,'popular'
2,2,0.578,0,3,'confident'
3,2,0.767,0,2,'thoughtful'
4,2,1.388,1,2,'lazy'
5,4,0.821,1,2,'depressed'
6,3,0.659,0,3,'admired'
7,4,0.848,0,2,'helpful'
8,4,16.900,1,1,'rude'
9,2,1.172,0,1,'calm'
10,2,0.713,1,2,'stubborn'
11,1,0.497,1,2,'wealthy'
12,1,1.226,0,2,'sexy'
13,3,1.253,1,2,'ugly'
14,3,1.118,1,1,'shy'
15,3,1.415,0,2,'trendy'
16,3,1.712,1,2,'creepy'
17,1,0.875,0,2,'flirty'
18,1,0.983,0,1,'cool'
19,2,0.902,0,3,'trustworthy'
20,2,1.496,1,2,'selfish'
21,3,1.199,0,4,'adventurous'
22,4,0.605,1,3,'dishonest'
23,4,1.010,1,2,'angry'
24,4,1.064,0,2,'friendly'
25,2,0.632,1,1,'mean'
26,1,0.740,1,2,'loser'
27,1,0.929,0,2,'wihtdrawn'
28,1,0.956,0,2,'charming'
29,3,1.604,1,1,'lame'
30,3,15.955,0,2,'snobby'
31,3,1.658,1,2,'boring'
32,4,1.334,1,4,'unethical'
33,1,1.550,0,3,'outgoing'
34,1,0.551,0,3,'insecure'
35,2,1.037,0,2,'giving'
36,2,1.361,0,4,'motivated'
37,4,0.794,0,3,'respectful'
38,4,1.523,0,2,'loyal'
39,4,16.522,0,4,'independent'
40,3,0.470,0,1,'hot'
41,2,1.280,0,2,'patient'
42,2,1.739,1,2,'grumpy'
43,1,0.686,1,2,'loner'
44,1,1.631,1,2,'awkward'
45,4,1.307,0,2,'caring'
46,4,1.685,0,1,'smart'
47,3,1.442,0,2,'social'
48,3,1.577,0,2,'attractive'
