1,2,1.253,0,1,'smart'
2,1,1.172,0,2,'trendy'
3,1,0.686,0,2,'wihtdrawn'
4,1,0.902,0,2,'charming'
5,3,0.497,0,2,'sexy'
6,3,1.388,0,2,'snobby'
7,4,16.873,0,1,'calm'
8,4,1.145,0,2,'giving'
9,1,0.524,1,2,'creepy'
10,2,1.361,0,4,'motivated'
11,2,0.848,1,2,'grumpy'
12,2,1.334,1,2,'lazy'
13,4,1.280,0,2,'loyal'
14,4,0.605,0,3,'respectful'
15,3,1.469,0,1,'cool'
16,3,0.551,0,3,'popular'
17,1,1.658,1,2,'ugly'
18,1,16.495,1,2,'boring'
19,1,1.226,1,1,'lame'
20,2,0.740,1,4,'unethical'
21,3,1.577,0,3,'admired'
22,3,0.956,0,2,'social'
23,4,1.037,0,2,'helpful'
24,4,1.604,1,1,'rude'
25,2,1.199,1,2,'depressed'
26,2,0.983,1,2,'stubborn'
27,2,1.685,1,2,'angry'
28,1,1.712,1,2,'loner'
29,4,1.739,0,2,'patient'
30,4,1.415,1,2,'selfish'
31,3,1.118,0,3,'outgoing'
32,3,0.659,0,2,'attractive'
33,1,0.713,1,2,'wealthy'
34,1,0.821,1,2,'awkward'
35,1,0.470,0,3,'insecure'
36,2,1.550,0,2,'friendly'
37,3,1.631,0,1,'hot'
38,3,0.875,1,2,'loser'
39,4,1.496,1,3,'dishonest'
40,4,0.767,0,2,'thoughtful'
41,1,0.632,0,4,'adventurous'
42,2,1.523,1,1,'mean'
43,2,1.010,0,3,'trustworthy'
44,2,16.522,0,4,'independent'
45,4,1.307,0,2,'caring'
46,4,0.794,0,3,'confident'
47,3,0.929,1,1,'shy'
48,3,0.578,0,2,'flirty'
