1,1,1.172,0,2,'trendy'
2,2,0.902,1,2,'selfish'
3,2,0.470,0,4,'motivated'
4,2,1.604,1,2,'stubborn'
5,4,1.334,0,3,'trustworthy'
6,4,1.226,0,2,'giving'
7,3,17.062,0,3,'outgoing'
8,3,0.605,0,1,'hot'
9,1,1.145,1,2,'awkward'
10,2,0.956,0,3,'respectful'
11,1,1.010,0,2,'charming'
12,1,1.739,1,2,'ugly'
13,3,1.307,1,2,'loner'
14,3,1.550,1,2,'loser'
15,4,0.929,0,2,'thoughtful'
16,4,1.091,0,1,'smart'
17,1,0.524,0,2,'snobby'
18,2,16.792,1,1,'rude'
19,2,1.280,0,2,'caring'
20,2,0.794,0,2,'patient'
21,4,0.740,1,3,'dishonest'
22,4,0.713,0,2,'friendly'
23,3,1.199,1,2,'wealthy'
24,3,0.686,0,2,'attractive'
25,2,0.848,1,2,'depressed'
26,2,1.523,0,3,'confident'
27,1,0.983,0,2,'sexy'
28,1,1.037,1,1,'shy'
29,3,1.415,1,1,'lame'
30,3,0.632,0,3,'insecure'
31,4,1.118,0,4,'independent'
32,4,0.551,1,2,'lazy'
33,2,1.469,1,1,'mean'
34,2,0.821,1,2,'angry'
35,1,0.497,1,2,'creepy'
36,1,1.577,0,2,'flirty'
37,4,1.712,0,1,'calm'
38,4,1.658,0,2,'helpful'
39,3,16.684,0,4,'adventurous'
40,3,1.442,0,2,'wihtdrawn'
41,1,0.767,0,3,'admired'
42,1,1.685,1,2,'boring'
43,1,1.388,0,1,'cool'
44,2,0.659,1,2,'grumpy'
45,3,0.578,0,3,'popular'
46,3,0.875,0,2,'social'
47,4,1.496,1,4,'unethical'
48,4,1.064,0,2,'loyal'
