1,1,1.604,0,2,'wihtdrawn'
2,1,0.956,0,4,'adventurous'
3,2,0.767,0,2,'loyal'
4,2,0.497,1,2,'lazy'
5,4,1.172,0,3,'confident'
6,4,0.551,0,2,'thoughtful'
7,3,1.658,0,3,'popular'
8,3,0.470,0,2,'trendy'
9,2,1.334,0,1,'calm'
10,2,1.442,0,2,'caring'
11,1,0.821,1,2,'wealthy'
12,2,16.684,0,2,'helpful'
13,4,0.875,1,2,'angry'
14,4,0.605,0,4,'independent'
15,3,1.037,0,2,'flirty'
16,3,1.010,0,3,'outgoing'
17,1,0.713,0,2,'sexy'
18,1,0.848,1,1,'shy'
19,1,1.496,0,3,'admired'
20,2,1.064,1,4,'unethical'
21,3,1.469,0,3,'insecure'
22,3,1.226,0,2,'charming'
23,4,0.632,0,2,'patient'
24,4,1.712,1,1,'mean'
25,2,0.578,0,3,'respectful'
26,2,16.630,0,1,'smart'
27,2,1.091,1,2,'depressed'
28,1,0.794,1,2,'creepy'
29,4,0.659,1,1,'rude'
30,3,1.280,1,2,'awkward'
31,4,1.145,0,2,'friendly'
32,3,0.740,0,2,'social'
33,1,0.929,0,1,'hot'
34,1,1.523,0,2,'attractive'
35,2,17.008,0,2,'giving'
36,1,1.118,0,2,'snobby'
37,3,1.388,1,1,'lame'
38,4,0.902,1,2,'stubborn'
39,4,1.550,0,3,'trustworthy'
40,4,1.739,1,3,'dishonest'
41,2,0.686,1,2,'grumpy'
42,2,1.685,0,4,'motivated'
43,1,1.631,1,2,'loser'
44,1,0.524,0,1,'cool'
45,3,1.415,1,2,'ugly'
46,3,1.361,1,2,'loner'
47,3,1.307,1,2,'boring'
48,4,0.983,1,2,'selfish'
