1,1,1.307,0,2,'snobby'
2,1,1.388,0,2,'charming'
3,2,1.577,0,2,'loyal'
4,2,1.658,0,2,'giving'
5,3,0.902,0,2,'attractive'
6,3,1.523,1,2,'ugly'
7,4,0.767,0,3,'trustworthy'
8,4,1.280,1,2,'stubborn'
9,2,1.334,0,3,'confident'
10,2,16.414,0,2,'thoughtful'
11,1,1.496,1,1,'shy'
12,1,1.415,1,2,'loner'
13,3,0.578,0,3,'popular'
14,3,0.632,0,1,'hot'
15,3,0.821,0,3,'insecure'
16,4,0.848,0,1,'calm'
17,1,0.956,0,2,'trendy'
18,1,1.118,0,2,'wihtdrawn'
19,2,1.010,1,4,'unethical'
20,2,1.361,0,2,'patient'
21,4,1.199,0,2,'caring'
22,4,1.172,1,2,'lazy'
23,4,1.064,0,4,'motivated'
24,3,0.740,0,2,'social'
25,2,17.170,1,2,'selfish'
26,2,1.037,0,2,'helpful'
27,1,1.226,0,4,'adventurous'
28,1,0.713,1,2,'awkward'
29,3,1.712,0,3,'outgoing'
30,3,0.497,1,2,'creepy'
31,3,1.469,0,1,'cool'
32,4,1.091,1,1,'mean'
33,1,0.929,0,2,'sexy'
34,1,0.686,0,2,'flirty'
35,2,0.524,0,3,'respectful'
36,2,17.116,1,3,'dishonest'
37,4,0.875,1,1,'rude'
38,4,0.605,0,4,'independent'
39,4,0.794,0,2,'friendly'
40,3,0.659,1,2,'wealthy'
41,2,0.551,1,2,'grumpy'
42,2,0.470,1,2,'depressed'
43,1,1.253,1,1,'lame'
44,1,1.604,0,3,'admired'
45,4,1.442,1,2,'angry'
46,4,1.550,0,1,'smart'
47,3,1.631,1,2,'loser'
48,3,1.145,1,2,'boring'
