1,2,1.604,0,1,'calm'
2,2,0.551,0,2,'giving'
3,1,0.929,0,3,'insecure'
4,1,1.091,0,1,'hot'
5,4,1.577,1,2,'lazy'
6,4,1.739,1,2,'stubborn'
7,3,1.658,1,2,'boring'
8,3,1.037,1,2,'ugly'
9,1,0.767,0,2,'sexy'
10,1,1.523,0,2,'attractive'
11,2,0.902,1,2,'depressed'
12,1,1.712,0,1,'cool'
13,3,0.713,1,2,'creepy'
14,3,1.388,0,2,'wihtdrawn'
15,4,1.172,0,3,'confident'
16,4,16.900,0,3,'trustworthy'
17,2,0.848,1,2,'grumpy'
18,2,0.659,0,2,'helpful'
19,1,1.496,1,1,'shy'
20,1,0.686,0,2,'trendy'
21,3,1.307,0,2,'charming'
22,3,0.821,0,4,'adventurous'
23,3,1.118,1,2,'loser'
24,3,1.361,0,3,'admired'
25,1,0.632,1,2,'loner'
26,1,0.524,1,1,'lame'
27,2,1.010,1,1,'mean'
28,2,1.415,1,2,'selfish'
29,3,1.334,0,3,'outgoing'
30,4,16.036,1,4,'unethical'
31,4,1.253,0,2,'friendly'
32,4,0.794,0,3,'respectful'
33,2,1.145,0,1,'smart'
34,2,0.578,1,1,'rude'
35,2,1.199,0,4,'motivated'
36,1,0.497,1,2,'wealthy'
37,4,16.711,0,2,'patient'
38,3,1.442,0,2,'social'
39,4,1.064,1,2,'angry'
40,3,1.685,0,3,'popular'
41,1,0.470,0,2,'flirty'
42,1,1.550,1,2,'awkward'
43,2,0.740,0,2,'thoughtful'
44,2,0.875,0,2,'caring'
45,4,0.983,1,3,'dishonest'
46,4,1.226,0,2,'loyal'
47,4,0.956,0,4,'independent'
48,3,1.631,0,2,'snobby'
