1,1,1.091,0,2,'trendy'
2,1,0.686,0,3,'insecure'
3,2,1.469,0,4,'motivated'
4,2,1.307,0,2,'giving'
5,4,1.172,0,4,'independent'
6,4,0.821,1,4,'unethical'
7,3,0.794,1,2,'wealthy'
8,3,1.631,0,2,'flirty'
9,2,0.497,0,3,'confident'
10,2,0.605,0,3,'trustworthy'
11,1,1.415,1,2,'loner'
12,1,1.496,0,2,'social'
13,3,1.442,1,1,'shy'
14,3,1.280,1,2,'boring'
15,3,15.982,0,2,'attractive'
16,4,0.578,0,2,'helpful'
17,1,1.550,0,1,'cool'
18,1,0.875,1,2,'loser'
19,2,0.767,0,2,'patient'
20,2,1.388,0,2,'loyal'
21,3,0.848,0,3,'outgoing'
22,4,1.523,1,1,'rude'
23,4,1.739,1,2,'selfish'
24,4,1.145,1,1,'mean'
25,2,1.037,0,2,'friendly'
26,2,0.632,0,2,'caring'
27,1,15.901,1,1,'lame'
28,1,0.524,0,2,'charming'
29,3,1.658,0,2,'wihtdrawn'
30,3,1.010,0,4,'adventurous'
31,3,1.685,1,2,'ugly'
32,4,0.956,0,1,'smart'
33,1,0.983,0,2,'snobby'
34,1,1.118,0,3,'admired'
35,2,0.713,0,3,'respectful'
36,2,1.064,1,2,'grumpy'
37,3,0.902,1,2,'awkward'
38,4,0.740,1,2,'angry'
39,4,1.577,0,1,'calm'
40,4,1.334,1,2,'stubborn'
41,2,0.929,0,2,'thoughtful'
42,2,16.657,1,2,'depressed'
43,1,0.659,0,3,'popular'
44,1,1.199,1,2,'creepy'
45,3,1.361,0,1,'hot'
46,4,1.604,1,2,'lazy'
47,4,1.712,1,3,'dishonest'
48,3,1.253,0,2,'sexy'
