1,2,1.550,0,2,'wihtdrawn'
2,1,0.686,0,2,'loyal'
3,1,0.524,1,2,'lazy'
4,1,1.037,0,1,'calm'
5,3,1.631,0,3,'confident'
6,3,16.441,0,2,'thoughtful'
7,3,1.334,1,2,'angry'
8,4,0.470,0,3,'popular'
9,1,1.577,0,2,'caring'
10,2,1.226,0,4,'adventurous'
11,2,1.415,1,2,'wealthy'
12,2,1.361,0,2,'sexy'
13,4,1.280,0,2,'trendy'
14,4,0.767,0,2,'flirty'
15,4,1.091,0,3,'outgoing'
16,3,0.929,0,4,'independent'
17,2,1.064,1,1,'shy'
18,1,0.713,0,2,'helpful'
19,1,16.063,1,4,'unethical'
20,1,1.388,0,3,'respectful'
21,3,1.469,0,2,'patient'
22,3,1.145,1,1,'mean'
23,3,0.902,1,1,'rude'
24,4,1.739,0,3,'insecure'
25,2,0.875,0,3,'admired'
26,2,1.523,1,2,'creepy'
27,1,0.659,0,1,'smart'
28,1,1.118,1,2,'depressed'
29,4,1.685,0,2,'charming'
30,4,0.578,1,2,'awkward'
31,4,0.983,0,2,'social'
32,3,0.821,0,2,'friendly'
33,1,0.740,0,2,'giving'
34,1,0.848,1,2,'grumpy'
35,2,1.172,0,1,'hot'
36,2,17.035,0,2,'attractive'
37,3,1.307,1,2,'stubborn'
38,3,0.551,0,3,'trustworthy'
39,4,1.199,1,1,'lame'
40,4,1.253,1,2,'ugly'
41,1,0.605,0,4,'motivated'
42,2,1.442,0,2,'snobby'
43,2,1.496,1,2,'loser'
44,2,0.794,0,1,'cool'
45,4,1.658,1,2,'loner'
46,4,1.712,1,2,'boring'
47,3,0.956,1,3,'dishonest'
48,3,0.497,1,2,'selfish'
