1,2,0.686,0,2,'snobby'
2,1,1.496,0,1,'smart'
3,2,1.739,0,2,'trendy'
4,2,1.010,1,2,'wealthy'
5,4,1.712,0,2,'flirty'
6,4,0.956,0,1,'cool'
7,3,0.983,1,3,'dishonest'
8,3,0.470,1,2,'angry'
9,2,1.226,0,3,'popular'
10,2,0.875,1,2,'creepy'
11,1,17.062,1,2,'grumpy'
12,1,1.334,1,1,'rude'
13,3,0.929,0,1,'calm'
14,3,0.551,1,4,'unethical'
15,4,1.118,0,2,'attractive'
16,4,1.064,0,3,'insecure'
17,1,1.523,0,2,'helpful'
18,2,0.821,1,2,'loser'
19,2,0.740,1,2,'ugly'
20,2,1.442,1,2,'awkward'
21,4,1.199,0,3,'admired'
22,4,1.658,1,1,'lame'
23,3,1.577,0,2,'thoughtful'
24,3,1.550,0,2,'caring'
25,1,0.767,1,2,'depressed'
26,1,17.035,1,2,'stubborn'
27,1,1.685,0,3,'confident'
28,1,1.415,0,3,'trustworthy'
29,3,0.578,1,2,'selfish'
30,3,1.388,0,4,'independent'
31,4,1.280,0,2,'social'
32,4,0.794,1,2,'loner'
33,2,1.361,0,4,'adventurous'
34,2,1.253,1,2,'boring'
35,1,0.902,0,2,'patient'
36,1,16.900,1,1,'mean'
37,4,0.605,1,1,'shy'
38,4,0.497,0,2,'wihtdrawn'
39,3,1.172,1,2,'lazy'
40,3,1.307,0,2,'friendly'
41,1,0.659,0,2,'giving'
42,1,0.713,0,4,'motivated'
43,2,0.632,0,1,'hot'
44,2,1.145,0,3,'outgoing'
45,3,1.037,0,2,'loyal'
46,3,1.091,0,3,'respectful'
47,4,0.524,0,2,'charming'
48,4,0.848,0,2,'sexy'
