1,2,0.686,1,1,'shy'
2,1,0.740,0,1,'smart'
3,1,1.739,0,3,'confident'
4,1,1.604,1,2,'depressed'
5,3,0.821,0,1,'calm'
6,3,1.172,1,2,'angry'
7,4,16.360,0,2,'flirty'
8,4,0.767,0,1,'hot'
9,2,1.361,0,2,'attractive'
10,2,0.713,1,2,'awkward'
11,2,1.334,1,1,'lame'
12,1,1.253,0,2,'giving'
13,4,0.605,1,2,'creepy'
14,4,0.632,0,2,'snobby'
15,3,1.496,0,2,'thoughtful'
16,3,1.145,1,1,'mean'
17,2,1.550,0,2,'sexy'
18,1,1.469,0,2,'loyal'
19,1,1.064,1,3,'dishonest'
20,1,0.551,0,2,'helpful'
21,3,1.577,1,2,'grumpy'
22,3,0.848,1,2,'lazy'
23,4,1.280,1,2,'loser'
24,4,1.199,0,1,'cool'
25,2,1.658,0,2,'social'
26,2,0.524,0,3,'insecure'
27,2,0.578,0,3,'outgoing'
28,1,0.956,1,4,'unethical'
29,4,16.414,0,3,'popular'
30,4,1.415,0,2,'charming'
31,3,1.118,1,1,'rude'
32,3,0.875,0,4,'independent'
33,1,0.902,0,4,'motivated'
34,1,1.091,0,3,'respectful'
35,1,1.388,0,2,'friendly'
36,2,1.442,0,4,'adventurous'
37,3,1.010,0,2,'patient'
38,3,0.659,0,2,'caring'
39,4,1.523,1,2,'wealthy'
40,4,0.497,1,2,'ugly'
41,1,1.685,0,3,'trustworthy'
42,2,1.631,1,2,'loner'
43,2,1.226,0,3,'admired'
44,2,16.468,1,2,'boring'
45,4,0.470,0,2,'trendy'
46,4,1.307,0,2,'wihtdrawn'
47,3,1.712,1,2,'selfish'
48,3,0.794,1,2,'stubborn'
