1,1,1.199,0,2,'sexy'
2,1,1.496,0,3,'insecure'
3,2,1.685,0,3,'trustworthy'
4,2,0.686,1,1,'rude'
5,3,0.659,1,2,'awkward'
6,3,0.983,0,3,'popular'
7,4,1.604,0,2,'giving'
8,4,0.767,1,1,'mean'
9,2,1.361,0,2,'thoughtful'
10,2,17.062,0,2,'loyal'
11,1,1.577,1,2,'wealthy'
12,1,0.740,0,2,'flirty'
13,4,0.794,1,2,'grumpy'
14,3,1.280,1,2,'loner'
15,3,0.848,0,3,'outgoing'
16,3,1.739,0,2,'attractive'
17,1,1.145,1,2,'loser'
18,1,1.388,0,2,'wihtdrawn'
19,2,1.469,0,3,'respectful'
20,2,0.497,0,2,'patient'
21,3,0.875,0,1,'cool'
22,4,16.765,1,3,'dishonest'
23,4,0.632,0,1,'calm'
24,4,1.523,0,4,'motivated'
25,2,1.307,1,4,'unethical'
26,2,0.956,0,2,'friendly'
27,1,0.470,0,2,'snobby'
28,1,1.064,0,2,'social'
29,4,1.415,0,2,'helpful'
30,3,0.605,1,2,'ugly'
31,3,1.226,1,1,'lame'
32,4,1.442,1,2,'angry'
33,1,0.578,1,2,'creepy'
34,1,0.551,0,2,'charming'
35,2,1.253,1,2,'stubborn'
36,2,0.929,1,2,'lazy'
37,4,16.603,1,2,'selfish'
38,4,1.118,0,2,'caring'
39,4,1.037,1,2,'depressed'
40,3,0.524,0,4,'adventurous'
41,2,1.010,0,4,'independent'
42,2,0.713,0,3,'confident'
43,1,1.658,0,1,'hot'
44,1,0.902,1,2,'boring'
45,3,1.091,0,3,'admired'
46,3,1.712,1,1,'shy'
47,3,1.550,0,2,'trendy'
48,4,0.821,0,1,'smart'
