1,2,1.442,0,2,'caring'
2,2,0.740,0,2,'thoughtful'
3,1,0.578,0,2,'sexy'
4,1,1.739,0,2,'attractive'
5,4,0.902,0,2,'helpful'
6,3,0.713,0,2,'flirty'
7,3,0.524,1,2,'loner'
8,3,0.821,0,2,'social'
9,1,1.010,0,2,'wihtdrawn'
10,1,1.226,1,2,'loser'
11,2,1.550,1,2,'depressed'
12,2,0.659,0,3,'confident'
13,4,1.118,0,3,'respectful'
14,4,17.035,1,2,'grumpy'
15,4,0.686,0,4,'independent'
16,3,1.064,1,2,'wealthy'
17,2,1.145,1,1,'mean'
18,2,1.469,0,2,'giving'
19,1,0.794,0,1,'hot'
20,1,1.037,1,2,'boring'
21,3,0.605,0,3,'insecure'
22,3,1.361,0,2,'trendy'
23,3,1.307,1,2,'creepy'
24,4,16.198,0,1,'calm'
25,1,0.983,0,2,'charming'
26,1,1.388,0,3,'popular'
27,2,1.631,0,3,'trustworthy'
28,2,1.712,1,2,'lazy'
29,4,1.415,1,1,'rude'
30,4,0.848,0,2,'patient'
31,4,1.253,1,4,'unethical'
32,3,1.685,1,1,'shy'
33,2,16.954,0,4,'motivated'
34,1,0.875,0,3,'admired'
35,1,0.632,1,1,'lame'
36,1,1.496,0,3,'outgoing'
37,3,0.929,0,1,'cool'
38,3,1.658,0,4,'adventurous'
39,4,1.334,0,2,'loyal'
40,4,1.280,1,3,'dishonest'
41,1,0.956,1,2,'awkward'
42,2,0.470,1,2,'angry'
43,2,1.577,0,1,'smart'
44,2,1.199,1,2,'stubborn'
45,4,1.172,1,2,'selfish'
46,4,0.551,0,2,'friendly'
47,3,1.091,1,2,'ugly'
48,3,0.497,0,2,'snobby'
