1,2,0.848,1,2,'selfish'
2,2,1.604,1,3,'dishonest'
3,1,1.496,0,1,'cool'
4,1,1.415,0,2,'flirty'
5,4,0.686,0,4,'motivated'
6,3,0.470,0,1,'hot'
7,3,16.171,1,2,'creepy'
8,3,1.145,0,2,'wihtdrawn'
9,1,1.388,0,2,'snobby'
10,1,0.578,0,4,'adventurous'
11,2,0.605,1,1,'mean'
12,2,1.631,0,2,'caring'
13,3,1.658,0,3,'popular'
14,4,1.469,0,2,'loyal'
15,4,1.577,1,4,'unethical'
16,4,0.821,0,4,'independent'
17,2,0.983,1,1,'rude'
18,1,1.172,0,3,'insecure'
19,1,1.523,0,2,'trendy'
20,1,0.659,0,2,'attractive'
21,3,0.902,1,2,'wealthy'
22,4,15.928,0,2,'patient'
23,3,0.956,1,2,'boring'
24,3,1.685,0,2,'sexy'
25,1,1.739,1,1,'lame'
26,2,1.226,1,2,'depressed'
27,2,1.442,0,2,'thoughtful'
28,2,1.334,1,2,'angry'
29,4,1.550,0,2,'giving'
30,4,0.551,0,1,'smart'
31,4,1.064,0,3,'trustworthy'
32,3,16.306,0,3,'outgoing'
33,2,1.712,1,2,'stubborn'
34,2,1.118,0,2,'friendly'
35,1,0.632,0,2,'charming'
36,1,1.253,1,1,'shy'
37,3,1.280,0,2,'social'
38,3,0.524,1,2,'loser'
39,4,1.010,1,2,'grumpy'
40,4,0.767,0,2,'helpful'
41,1,0.713,1,2,'awkward'
42,1,0.929,1,2,'ugly'
43,2,1.091,0,3,'respectful'
44,2,1.037,0,1,'calm'
45,3,1.361,0,3,'admired'
46,3,0.794,1,2,'loner'
47,4,1.307,1,2,'lazy'
48,4,1.199,0,3,'confident'
