1,1,0.740,0,3,'admired'
2,2,0.605,1,2,'angry'
3,2,0.902,1,2,'lazy'
4,2,1.253,0,1,'smart'
5,4,0.767,0,2,'helpful'
6,4,1.118,0,3,'confident'
7,3,1.739,1,2,'awkward'
8,3,1.199,0,2,'trendy'
9,1,1.091,0,2,'wihtdrawn'
10,1,16.738,0,1,'hot'
11,1,0.713,1,2,'boring'
12,2,1.172,0,3,'trustworthy'
13,3,1.577,0,2,'flirty'
14,3,1.496,0,2,'charming'
15,4,0.524,1,2,'depressed'
16,4,1.469,1,3,'dishonest'
17,2,1.037,0,2,'loyal'
18,2,0.983,0,2,'giving'
19,2,0.497,1,1,'rude'
20,1,1.550,1,1,'lame'
21,4,1.226,0,2,'thoughtful'
22,4,1.415,1,2,'selfish'
23,3,1.280,0,3,'popular'
24,3,1.334,1,2,'loser'
25,2,1.712,0,2,'friendly'
26,1,0.821,1,2,'loner'
27,1,1.631,0,3,'insecure'
28,1,16.225,0,3,'outgoing'
29,3,0.659,0,4,'adventurous'
30,3,1.658,1,2,'creepy'
31,4,0.551,0,2,'caring'
32,4,1.604,0,3,'respectful'
33,2,0.956,1,4,'unethical'
34,2,0.686,1,2,'grumpy'
35,2,1.388,1,1,'mean'
36,1,16.441,0,1,'cool'
37,4,0.632,1,2,'stubborn'
38,4,1.361,0,4,'motivated'
39,3,0.875,0,2,'snobby'
40,3,1.685,0,2,'attractive'
41,1,1.523,0,2,'sexy'
42,1,1.442,1,2,'wealthy'
43,1,0.848,0,2,'social'
44,2,0.578,0,4,'independent'
45,3,0.929,1,1,'shy'
46,3,1.064,1,2,'ugly'
47,4,1.145,0,2,'patient'
48,4,0.470,0,1,'calm'
