1,2,1.658,0,4,'independent'
2,2,1.739,1,1,'rude'
3,1,0.956,1,2,'creepy'
4,1,0.902,0,4,'adventurous'
5,4,0.578,1,4,'unethical'
6,4,1.604,0,2,'loyal'
7,4,1.037,1,3,'dishonest'
8,3,15.901,0,2,'flirty'
9,1,0.740,1,2,'loser'
10,1,1.415,0,2,'wihtdrawn'
11,2,0.848,0,2,'caring'
12,2,0.659,1,2,'angry'
13,4,1.064,1,2,'stubborn'
14,4,1.442,0,2,'friendly'
15,3,0.686,1,1,'shy'
16,3,1.577,1,1,'lame'
17,2,1.469,0,2,'helpful'
18,2,1.226,0,3,'respectful'
19,1,0.497,0,2,'social'
20,1,0.524,0,2,'trendy'
21,3,1.334,0,3,'outgoing'
22,3,0.551,0,1,'hot'
23,3,1.172,0,2,'attractive'
24,3,1.145,1,2,'ugly'
25,1,1.523,0,1,'cool'
26,1,1.118,1,2,'awkward'
27,2,16.414,0,3,'confident'
28,2,1.712,1,2,'lazy'
29,3,1.388,0,2,'charming'
30,4,1.361,0,2,'patient'
31,4,0.713,1,2,'selfish'
32,4,1.280,0,1,'smart'
33,2,0.632,1,1,'mean'
34,2,16.684,0,3,'trustworthy'
35,1,1.010,1,2,'wealthy'
36,1,0.929,0,2,'snobby'
37,3,1.307,1,2,'loner'
38,3,1.199,1,2,'boring'
39,3,0.794,0,3,'insecure'
40,4,1.091,0,4,'motivated'
41,1,1.631,0,3,'admired'
42,1,1.496,0,3,'popular'
43,2,0.821,1,2,'grumpy'
44,2,0.875,0,1,'calm'
45,4,0.767,0,2,'thoughtful'
46,4,1.550,0,2,'giving'
47,4,1.685,1,2,'depressed'
48,3,0.605,0,2,'sexy'
