1,2,1.118,0,2,'patient'
2,2,1.442,0,3,'respectful'
3,1,1.091,1,2,'wealthy'
4,1,0.875,0,2,'attractive'
5,3,0.983,0,3,'popular'
6,4,1.469,1,3,'dishonest'
7,4,1.361,0,4,'motivated'
8,3,1.172,1,2,'loser'
9,1,0.794,1,1,'lame'
10,1,1.307,1,2,'creepy'
11,2,1.388,0,2,'loyal'
12,2,0.524,0,1,'calm'
13,3,16.360,0,1,'hot'
14,4,0.956,1,2,'selfish'
15,4,0.551,1,2,'stubborn'
16,4,0.578,1,2,'depressed'
17,2,1.280,0,2,'giving'
18,2,1.739,0,2,'thoughtful'
19,2,1.010,0,3,'trustworthy'
20,1,0.497,0,3,'admired'
21,4,1.685,0,3,'confident'
22,4,1.199,1,1,'rude'
23,3,0.632,0,2,'snobby'
24,3,1.496,0,3,'outgoing'
25,1,1.712,0,2,'wihtdrawn'
26,1,1.550,0,2,'flirty'
27,1,0.470,0,2,'social'
28,1,16.252,0,4,'adventurous'
29,3,1.334,0,1,'cool'
30,3,1.523,1,2,'loner'
31,4,1.631,1,2,'angry'
32,4,1.037,0,2,'helpful'
33,1,0.848,0,3,'insecure'
34,2,1.145,1,4,'unethical'
35,2,0.740,0,1,'smart'
36,2,0.902,0,2,'friendly'
37,4,0.713,1,2,'grumpy'
38,4,1.577,1,1,'mean'
39,3,16.090,1,1,'shy'
40,3,1.415,0,2,'charming'
41,2,1.604,0,2,'caring'
42,1,0.767,1,2,'ugly'
43,2,0.605,1,2,'lazy'
44,1,1.064,0,2,'trendy'
45,3,1.658,1,2,'boring'
46,3,1.226,0,2,'sexy'
47,3,1.253,1,2,'awkward'
48,4,0.686,0,4,'independent'
