1,2,1.550,0,4,'adventurous'
2,2,1.037,0,2,'attractive'
3,1,0.902,1,1,'mean'
4,1,1.010,1,2,'selfish'
5,4,1.442,0,2,'sexy'
6,4,1.469,0,3,'insecure'
7,3,1.496,0,4,'independent'
8,3,1.172,0,4,'motivated'
9,1,0.821,0,2,'giving'
10,1,0.632,1,3,'dishonest'
11,2,1.064,1,2,'awkward'
12,2,1.631,1,1,'shy'
13,3,1.118,0,3,'confident'
14,4,0.740,1,2,'wealthy'
15,4,0.605,0,2,'trendy'
16,4,1.334,1,2,'creepy'
17,2,16.414,0,2,'flirty'
18,2,1.712,0,3,'admired'
19,1,0.470,0,1,'smart'
20,1,16.306,1,2,'grumpy'
21,4,0.551,1,1,'lame'
22,3,1.388,0,2,'caring'
23,3,1.361,0,2,'helpful'
24,3,1.280,1,2,'angry'
25,1,1.145,0,2,'loyal'
26,1,1.253,1,4,'unethical'
27,2,0.578,0,3,'popular'
28,2,1.523,1,2,'loner'
29,4,0.497,0,2,'wihtdrawn'
30,4,1.604,0,2,'social'
31,3,0.848,1,2,'stubborn'
32,4,0.686,1,2,'ugly'
33,2,1.577,0,1,'cool'
34,2,1.199,0,3,'outgoing'
35,1,1.091,1,2,'depressed'
36,1,1.415,0,3,'respectful'
37,3,1.658,0,2,'thoughtful'
38,3,1.226,1,1,'rude'
39,3,1.685,1,2,'lazy'
40,4,1.739,1,2,'boring'
41,1,16.738,0,2,'friendly'
42,1,0.659,0,2,'patient'
43,2,0.956,0,1,'hot'
44,2,0.524,0,2,'snobby'
45,3,0.767,0,3,'trustworthy'
46,4,0.713,0,2,'charming'
47,4,0.929,1,2,'loser'
48,3,0.794,0,1,'calm'
