1,1,0.605,0,3,'outgoing'
2,1,1.496,0,1,'hot'
3,2,1.064,1,1,'mean'
4,2,0.929,0,2,'patient'
5,4,0.713,1,4,'unethical'
6,3,1.118,0,2,'snobby'
7,4,1.091,1,1,'rude'
8,4,0.551,0,4,'independent'
9,2,1.253,1,2,'depressed'
10,2,1.334,1,2,'stubborn'
11,1,0.902,0,3,'admired'
12,1,1.037,0,3,'insecure'
13,4,0.578,0,3,'respectful'
14,3,16.090,1,2,'boring'
15,3,1.577,1,2,'wealthy'
16,3,0.956,1,2,'ugly'
17,1,0.632,0,2,'social'
18,1,1.307,0,2,'wihtdrawn'
19,1,1.523,0,2,'attractive'
20,2,0.524,1,2,'lazy'
21,3,0.497,1,2,'awkward'
22,3,0.767,1,2,'creepy'
23,4,1.226,0,2,'loyal'
24,4,0.470,0,2,'thoughtful'
25,2,1.199,1,2,'selfish'
26,2,1.469,0,3,'confident'
27,2,16.171,0,2,'helpful'
28,1,1.388,0,2,'flirty'
29,4,1.361,1,2,'angry'
30,3,0.794,0,2,'trendy'
31,3,1.280,1,1,'lame'
32,3,0.983,0,2,'sexy'
33,1,0.686,1,1,'shy'
34,1,1.415,0,3,'popular'
35,1,1.739,1,2,'loser'
36,2,1.172,0,2,'caring'
37,3,0.821,0,2,'charming'
38,3,1.712,0,4,'adventurous'
39,4,0.875,0,3,'trustworthy'
40,4,17.116,1,3,'dishonest'
41,2,1.604,0,1,'smart'
42,2,1.658,0,1,'calm'
43,1,1.442,1,2,'loner'
44,2,1.010,0,2,'giving'
45,4,1.145,0,4,'motivated'
46,4,0.848,0,2,'friendly'
47,3,1.631,0,1,'cool'
48,4,1.550,1,2,'grumpy'
