1,2,1.469,0,1,'smart'
2,1,0.659,0,2,'snobby'
3,1,1.442,0,2,'trendy'
4,1,0.848,1,2,'wealthy'
5,3,1.685,0,2,'flirty'
6,3,0.983,0,1,'cool'
7,4,1.118,1,3,'dishonest'
8,4,1.658,1,2,'angry'
9,2,1.361,1,2,'grumpy'
10,2,0.686,1,1,'rude'
11,2,16.576,0,2,'helpful'
12,1,1.550,0,3,'popular'
13,4,0.497,0,1,'calm'
14,4,0.902,1,4,'unethical'
15,3,1.496,0,2,'attractive'
16,3,0.713,0,3,'insecure'
17,2,1.577,1,2,'depressed'
18,1,1.226,1,2,'creepy'
19,1,1.280,1,2,'loser'
20,1,16.252,1,2,'ugly'
21,3,0.551,0,3,'admired'
22,3,1.739,1,1,'lame'
23,4,1.253,0,2,'thoughtful'
24,4,1.604,0,2,'caring'
25,2,0.929,1,2,'stubborn'
26,2,0.956,0,3,'confident'
27,2,0.875,0,3,'trustworthy'
28,2,0.794,0,2,'patient'
29,4,0.740,1,2,'selfish'
30,4,0.578,0,4,'independent'
31,3,1.091,0,2,'social'
32,3,1.631,1,2,'loner'
33,1,1.037,1,2,'awkward'
34,2,1.523,1,1,'mean'
35,1,1.334,0,4,'adventurous'
36,1,0.470,1,2,'boring'
37,3,1.307,1,1,'shy'
38,3,0.767,0,2,'wihtdrawn'
39,4,1.712,1,2,'lazy'
40,4,0.605,0,2,'friendly'
41,1,0.632,0,1,'hot'
42,1,1.010,0,3,'outgoing'
43,2,1.199,0,2,'giving'
44,2,16.846,0,4,'motivated'
45,4,1.388,0,2,'loyal'
46,4,1.172,0,3,'respectful'
47,3,0.524,0,2,'charming'
48,3,1.064,0,2,'sexy'
