1,2,1.037,1,2,'awkward'
2,1,1.172,0,3,'respectful'
3,2,1.199,0,2,'charming'
4,1,0.794,1,2,'depressed'
5,4,1.685,1,2,'loser'
6,4,0.497,1,2,'boring'
7,3,0.686,0,2,'friendly'
8,3,1.712,0,2,'giving'
9,2,0.929,0,3,'insecure'
10,1,1.442,0,1,'smart'
11,1,0.524,0,1,'calm'
12,1,0.713,1,2,'angry'
13,3,1.523,1,2,'lazy'
14,3,16.171,0,2,'patient'
15,4,1.739,1,2,'loner'
16,4,0.902,1,1,'lame'
17,2,0.875,1,2,'ugly'
18,2,0.470,0,2,'attractive'
19,2,1.577,0,1,'cool'
20,1,1.280,0,4,'independent'
21,4,16.441,0,2,'snobby'
22,4,1.415,0,2,'flirty'
23,3,1.307,1,2,'selfish'
24,3,1.361,1,2,'stubborn'
25,2,0.983,0,2,'social'
26,1,1.658,1,1,'mean'
27,1,0.821,0,4,'motivated'
28,1,0.659,0,2,'loyal'
29,3,1.604,0,2,'caring'
30,3,0.632,1,2,'grumpy'
31,4,1.118,1,2,'creepy'
32,4,1.091,0,2,'sexy'
33,1,1.064,0,3,'trustworthy'
34,2,0.605,0,4,'adventurous'
35,2,1.334,0,2,'trendy'
36,2,1.631,0,3,'admired'
37,4,1.145,1,1,'shy'
38,4,16.900,0,2,'wihtdrawn'
39,3,0.848,1,3,'dishonest'
40,3,0.551,0,2,'helpful'
41,1,1.253,1,4,'unethical'
42,1,1.550,0,3,'confident'
43,2,0.578,0,1,'hot'
44,2,1.496,0,3,'popular'
45,3,0.956,0,2,'thoughtful'
46,3,1.388,1,1,'rude'
47,4,1.226,1,2,'wealthy'
48,4,0.767,0,3,'outgoing'
