1,2,1.118,1,2,'stubborn'
2,2,1.280,1,2,'depressed'
3,1,0.524,1,1,'lame'
4,1,1.388,1,2,'creepy'
5,4,1.010,0,3,'respectful'
6,4,0.983,0,3,'confident'
7,3,0.902,1,1,'shy'
8,3,1.226,0,3,'outgoing'
9,1,1.199,0,1,'hot'
10,1,0.956,0,3,'popular'
11,1,0.605,0,2,'flirty'
12,1,1.037,0,2,'social'
13,3,1.739,1,2,'wealthy'
14,3,15.901,1,2,'ugly'
15,4,0.497,1,2,'lazy'
16,4,1.523,0,2,'loyal'
17,2,0.875,0,2,'patient'
18,2,1.307,1,1,'rude'
19,2,1.469,0,2,'caring'
20,1,1.550,0,2,'attractive'
21,4,1.496,0,2,'helpful'
22,4,0.821,0,4,'motivated'
23,3,0.929,0,2,'wihtdrawn'
24,3,1.253,1,2,'awkward'
25,1,0.767,1,2,'loser'
26,1,0.794,0,2,'trendy'
27,2,0.848,0,2,'giving'
28,2,1.334,1,1,'mean'
29,3,0.713,0,2,'snobby'
30,3,17.062,1,2,'loner'
31,4,0.578,1,3,'dishonest'
32,4,1.172,1,2,'grumpy'
33,1,0.551,0,1,'cool'
34,2,1.145,0,2,'friendly'
35,2,1.091,0,3,'trustworthy'
36,2,1.064,1,4,'unethical'
37,4,1.712,0,1,'calm'
38,4,0.659,1,2,'selfish'
39,3,1.415,0,2,'charming'
40,3,17.116,0,3,'admired'
41,1,1.577,0,3,'insecure'
42,2,0.686,0,2,'thoughtful'
43,2,0.632,1,2,'angry'
44,1,1.658,0,4,'adventurous'
45,3,1.442,0,2,'sexy'
46,3,0.740,1,2,'boring'
47,4,1.361,0,4,'independent'
48,4,1.604,0,1,'smart'
