1,1,1.631,0,4,'adventurous'
2,2,1.469,1,1,'mean'
3,2,0.767,1,2,'selfish'
4,2,0.686,0,2,'giving'
5,4,0.578,0,4,'independent'
6,4,0.929,0,4,'motivated'
7,4,0.875,0,3,'confident'
8,3,0.821,0,2,'sexy'
9,2,1.307,1,3,'dishonest'
10,1,1.442,0,2,'attractive'
11,1,1.388,1,2,'awkward'
12,1,0.848,1,1,'shy'
13,3,1.685,0,3,'insecure'
14,3,1.577,1,2,'wealthy'
15,3,16.171,0,2,'trendy'
16,4,1.361,0,2,'caring'
17,2,1.280,0,1,'smart'
18,2,0.713,1,2,'grumpy'
19,2,1.496,0,2,'loyal'
20,2,1.118,1,4,'unethical'
21,4,1.172,0,2,'helpful'
22,4,0.497,1,2,'angry'
23,4,1.010,1,2,'stubborn'
24,3,1.658,1,2,'creepy'
25,2,0.524,1,2,'depressed'
26,1,1.523,0,2,'flirty'
27,1,1.064,0,3,'admired'
28,1,0.632,0,3,'popular'
29,3,0.470,1,1,'lame'
30,3,1.604,0,2,'wihtdrawn'
31,4,17.143,0,2,'thoughtful'
32,4,1.415,1,1,'rude'
33,2,0.902,0,3,'respectful'
34,2,1.253,0,2,'friendly'
35,1,16.522,1,2,'loner'
36,1,1.145,0,1,'cool'
37,4,1.037,1,2,'lazy'
38,4,1.199,0,3,'trustworthy'
39,3,1.226,0,2,'social'
40,3,0.794,1,2,'ugly'
41,1,1.550,0,3,'outgoing'
42,1,0.551,0,1,'hot'
43,1,1.334,0,2,'snobby'
44,2,0.659,0,2,'patient'
45,3,0.956,1,2,'boring'
46,3,0.983,0,2,'charming'
47,3,0.605,1,2,'loser'
48,4,1.739,0,1,'calm'
