1,1,0.524,1,1,'rude'
2,2,0.767,1,2,'awkward'
3,2,1.145,0,2,'wihtdrawn'
4,2,1.307,0,2,'charming'
5,4,1.361,0,2,'attractive'
6,4,1.685,0,3,'outgoing'
7,3,0.632,0,2,'thoughtful'
8,3,0.470,1,2,'grumpy'
9,2,0.686,1,2,'loser'
10,1,16.846,0,2,'patient'
11,1,1.604,1,4,'unethical'
12,1,1.199,0,1,'smart'
13,3,0.848,0,2,'caring'
14,3,1.010,0,4,'motivated'
15,4,1.442,1,1,'shy'
16,3,1.496,1,2,'selfish'
17,1,0.929,1,1,'mean'
18,1,1.118,0,2,'loyal'
19,2,0.578,1,2,'creepy'
20,2,16.171,0,2,'trendy'
21,3,1.280,1,2,'angry'
22,4,1.469,0,2,'sexy'
23,4,1.388,1,2,'ugly'
24,4,1.172,0,1,'cool'
25,2,1.577,0,4,'adventurous'
26,2,0.794,1,2,'loner'
27,1,0.821,0,2,'helpful'
28,1,1.631,0,4,'independent'
29,3,1.037,0,2,'friendly'
30,3,1.658,1,3,'dishonest'
31,4,0.497,0,2,'social'
32,4,1.334,1,2,'boring'
33,1,1.064,1,2,'lazy'
34,2,0.605,0,1,'hot'
35,2,0.875,0,3,'admired'
36,2,0.713,0,2,'flirty'
37,4,1.712,1,1,'lame'
38,4,0.659,0,2,'snobby'
39,3,0.956,0,3,'trustworthy'
40,3,0.983,0,2,'giving'
41,2,0.902,0,3,'insecure'
42,1,16.684,1,2,'depressed'
43,1,1.091,0,3,'respectful'
44,1,0.551,0,1,'calm'
45,3,1.523,0,3,'confident'
46,3,1.226,1,2,'stubborn'
47,4,1.739,1,2,'wealthy'
48,4,1.550,0,3,'popular'
