1,1,1.091,1,2,'loner'
2,1,0.983,0,1,'hot'
3,2,0.713,0,2,'friendly'
4,2,0.686,0,4,'independent'
5,3,1.361,0,2,'trendy'
6,3,1.172,0,2,'sexy'
7,4,0.497,1,1,'rude'
8,4,1.469,1,3,'dishonest'
9,2,16.549,0,2,'helpful'
10,2,1.658,0,2,'patient'
11,1,0.929,1,2,'boring'
12,1,1.226,0,2,'wihtdrawn'
13,4,1.199,0,1,'smart'
14,4,1.145,1,2,'grumpy'
15,4,0.470,1,4,'unethical'
16,3,0.821,0,2,'social'
17,2,1.037,1,2,'angry'
18,1,0.551,1,1,'lame'
19,1,0.956,0,2,'snobby'
20,1,1.739,0,3,'admired'
21,3,1.334,0,3,'insecure'
22,3,1.010,0,2,'charming'
23,4,16.495,0,1,'calm'
24,4,0.794,1,1,'mean'
25,1,1.415,1,2,'wealthy'
26,2,0.767,0,2,'thoughtful'
27,2,1.631,0,2,'loyal'
28,2,1.685,1,2,'stubborn'
29,4,1.577,0,2,'caring'
30,3,0.632,0,2,'flirty'
31,3,1.280,0,3,'outgoing'
32,3,0.524,0,2,'attractive'
33,2,1.604,0,4,'motivated'
34,1,1.388,1,1,'shy'
35,1,1.307,1,2,'ugly'
36,1,1.712,1,2,'loser'
37,3,0.875,0,4,'adventurous'
38,3,1.253,0,3,'popular'
39,3,1.442,0,1,'cool'
40,4,0.848,0,3,'confident'
41,1,0.902,1,2,'awkward'
42,2,0.605,0,2,'giving'
43,2,16.009,0,3,'trustworthy'
44,2,1.523,0,3,'respectful'
45,4,1.550,1,2,'lazy'
46,4,0.659,1,2,'selfish'
47,4,1.496,1,2,'depressed'
48,3,0.740,1,2,'creepy'
