1,2,0.632,0,2,'charming'
2,1,1.631,1,4,'unethical'
3,2,0.875,1,2,'boring'
4,2,0.821,1,2,'awkward'
5,4,0.794,0,2,'sexy'
6,4,1.361,0,3,'insecure'
7,4,16.360,0,3,'admired'
8,3,1.550,1,1,'rude'
9,2,1.739,0,2,'social'
10,2,1.523,0,4,'adventurous'
11,1,1.226,0,2,'loyal'
12,1,1.334,0,4,'independent'
13,3,0.713,0,1,'calm'
14,4,1.658,0,3,'outgoing'
15,3,1.145,0,2,'thoughtful'
16,4,1.199,0,2,'flirty'
17,2,1.604,1,1,'lame'
18,2,1.280,0,1,'hot'
19,1,1.118,0,2,'patient'
20,1,0.524,0,2,'helpful'
21,4,1.442,1,2,'wealthy'
22,3,1.253,0,1,'smart'
23,3,1.469,0,2,'caring'
24,3,0.956,0,2,'giving'
25,1,0.983,0,4,'motivated'
26,1,1.577,0,3,'confident'
27,1,15.928,1,2,'stubborn'
28,2,0.659,1,2,'loser'
29,3,1.388,1,2,'selfish'
30,3,1.415,1,3,'dishonest'
31,4,0.767,0,2,'attractive'
32,4,0.902,0,2,'wihtdrawn'
33,2,0.848,0,2,'snobby'
34,1,1.685,0,3,'trustworthy'
35,1,1.496,1,2,'angry'
36,1,0.605,1,2,'lazy'
37,3,1.712,0,3,'respectful'
38,3,1.037,1,1,'mean'
39,3,0.551,1,2,'grumpy'
40,4,1.307,1,2,'ugly'
41,1,1.010,0,2,'friendly'
42,2,16.603,1,1,'shy'
43,2,1.064,0,2,'trendy'
44,2,1.091,0,1,'cool'
45,4,0.740,1,2,'creepy'
46,4,0.686,0,3,'popular'
47,4,0.470,1,2,'loner'
48,3,0.578,1,2,'depressed'
