1,2,1.226,1,2,'wealthy'
2,1,1.415,0,4,'independent'
3,1,1.496,0,2,'caring'
4,1,0.821,1,2,'stubborn'
5,3,0.578,0,3,'trustworthy'
6,3,1.550,0,2,'friendly'
7,4,16.360,0,2,'social'
8,4,1.118,1,1,'shy'
9,2,0.497,0,2,'snobby'
10,2,0.605,0,4,'adventurous'
11,2,0.524,0,2,'trendy'
12,2,0.470,1,1,'lame'
13,4,1.334,1,2,'loser'
14,4,0.632,0,2,'attractive'
15,3,1.280,1,2,'angry'
16,3,0.740,0,4,'motivated'
17,1,0.686,0,2,'patient'
18,1,1.091,0,1,'calm'
19,1,0.956,0,3,'confident'
20,2,1.388,0,2,'charming'
21,3,1.469,0,2,'giving'
22,3,0.983,0,1,'smart'
23,4,16.684,0,3,'popular'
24,4,1.199,1,2,'ugly'
25,2,1.145,1,2,'boring'
26,2,1.064,0,2,'flirty'
27,1,1.307,1,3,'dishonest'
28,1,1.685,1,1,'mean'
29,3,0.767,0,2,'loyal'
30,4,1.577,0,3,'admired'
31,3,1.658,0,2,'thoughtful'
32,3,0.902,0,2,'helpful'
33,1,0.794,1,4,'unethical'
34,1,0.875,1,2,'selfish'
35,1,1.523,0,3,'respectful'
36,2,1.010,0,2,'sexy'
37,3,1.631,1,1,'rude'
38,3,16.873,1,2,'lazy'
39,4,1.604,1,2,'awkward'
40,4,1.739,1,2,'loner'
41,1,0.713,1,2,'depressed'
42,2,0.659,0,2,'wihtdrawn'
43,2,1.361,0,1,'cool'
44,2,0.551,1,2,'creepy'
45,4,1.037,0,3,'outgoing'
46,4,1.712,0,3,'insecure'
47,4,1.172,0,1,'hot'
48,3,0.848,1,2,'grumpy'
