1,2,0.551,0,4,'adventurous'
2,1,1.064,0,1,'calm'
3,1,1.712,0,4,'motivated'
4,1,1.307,0,2,'friendly'
5,3,0.794,0,4,'independent'
6,3,1.388,1,2,'grumpy'
7,4,0.740,0,2,'wihtdrawn'
8,4,1.415,0,2,'social'
9,2,16.252,0,3,'outgoing'
10,2,1.091,1,2,'wealthy'
11,2,0.929,0,2,'flirty'
12,2,1.226,1,2,'loser'
13,4,1.523,0,2,'trendy'
14,4,1.496,0,3,'insecure'
15,3,0.497,0,3,'trustworthy'
16,3,1.280,1,2,'depressed'
17,1,0.605,1,2,'lazy'
18,1,1.334,0,2,'thoughtful'
19,1,0.632,1,2,'angry'
20,2,1.199,1,1,'shy'
21,3,1.469,1,2,'stubborn'
22,3,0.470,1,1,'rude'
23,4,0.659,0,1,'cool'
24,4,1.550,0,3,'popular'
25,2,0.983,1,2,'loner'
26,2,0.578,0,3,'admired'
27,2,1.172,0,2,'snobby'
28,1,1.658,1,2,'selfish'
29,4,0.767,1,1,'lame'
30,4,1.631,1,2,'ugly'
31,3,15.955,1,4,'unethical'
32,3,16.279,0,2,'caring'
33,2,1.253,0,2,'sexy'
34,1,1.118,0,3,'confident'
35,1,1.739,0,1,'smart'
36,1,1.442,0,2,'helpful'
37,3,0.686,1,1,'mean'
38,3,0.956,0,2,'patient'
39,4,1.361,1,2,'awkward'
40,4,1.685,0,1,'hot'
41,1,1.577,0,2,'loyal'
42,1,1.010,0,2,'giving'
43,2,1.604,1,2,'boring'
44,2,1.145,0,2,'charming'
45,4,0.875,1,2,'creepy'
46,4,0.713,0,2,'attractive'
47,3,0.902,1,3,'dishonest'
48,3,1.037,0,3,'respectful'
