1,1,0.659,1,1,'shy'
2,1,0.578,0,2,'attractive'
3,2,1.442,0,1,'smart'
4,2,0.497,0,3,'confident'
5,3,1.712,0,2,'flirty'
6,4,1.064,0,1,'calm'
7,4,1.604,1,2,'angry'
8,4,0.470,0,2,'thoughtful'
9,2,0.632,1,2,'depressed'
10,2,0.713,0,2,'giving'
11,1,1.523,1,2,'awkward'
12,1,1.199,1,1,'lame'
13,4,0.605,1,1,'mean'
14,3,1.307,0,1,'hot'
15,3,1.739,1,2,'creepy'
16,3,1.388,0,2,'snobby'
17,1,16.441,0,2,'sexy'
18,1,1.091,0,2,'social'
19,2,1.415,0,2,'loyal'
20,2,1.631,1,3,'dishonest'
21,4,1.577,1,2,'grumpy'
22,4,1.469,1,2,'lazy'
23,3,1.496,1,2,'loser'
24,4,16.387,1,1,'rude'
25,2,0.740,0,2,'helpful'
26,2,1.118,1,4,'unethical'
27,1,0.686,0,3,'insecure'
28,1,1.253,0,3,'outgoing'
29,4,1.550,0,4,'independent'
30,3,0.848,0,1,'cool'
31,3,0.875,0,3,'popular'
32,3,1.361,0,2,'charming'
33,1,1.037,0,4,'adventurous'
34,1,1.172,1,2,'loner'
35,2,1.280,0,4,'motivated'
36,2,0.929,0,3,'respectful'
37,4,0.902,0,2,'patient'
38,4,0.767,0,2,'caring'
39,4,0.794,1,2,'selfish'
40,3,16.657,1,2,'wealthy'
41,2,1.334,0,2,'friendly'
42,2,1.145,0,3,'trustworthy'
43,1,0.983,0,3,'admired'
44,1,0.821,1,2,'boring'
45,3,0.551,1,2,'ugly'
46,3,0.524,0,2,'trendy'
47,3,1.685,0,2,'wihtdrawn'
48,4,1.658,1,2,'stubborn'
