1,2,1.658,1,2,'wealthy'
2,2,1.226,0,2,'trendy'
3,1,1.361,0,4,'independent'
4,1,1.442,1,2,'grumpy'
5,3,1.604,0,2,'loyal'
6,3,16.252,1,2,'selfish'
7,4,1.010,1,2,'loser'
8,4,1.118,1,2,'creepy'
9,2,1.253,0,2,'flirty'
10,2,1.064,1,2,'loner'
11,2,1.631,0,2,'social'
12,2,0.794,0,4,'adventurous'
13,4,0.686,0,1,'cool'
14,4,1.685,0,3,'admired'
15,3,1.145,1,2,'depressed'
16,3,0.470,0,3,'confident'
17,2,0.497,0,2,'attractive'
18,1,1.550,0,1,'calm'
19,1,0.605,1,2,'lazy'
20,1,1.334,1,2,'angry'
21,3,1.469,1,4,'unethical'
22,3,0.524,0,3,'respectful'
23,4,1.523,0,3,'popular'
24,4,0.956,1,1,'shy'
25,1,16.009,0,2,'giving'
26,1,1.199,0,1,'smart'
27,2,1.496,1,2,'boring'
28,2,1.037,0,3,'insecure'
29,4,0.632,0,3,'outgoing'
30,4,1.091,1,2,'ugly'
31,3,0.659,1,1,'rude'
32,3,0.551,1,3,'dishonest'
33,2,1.388,0,2,'sexy'
34,1,17.143,1,2,'stubborn'
35,1,1.415,0,2,'friendly'
36,1,1.280,0,4,'motivated'
37,3,0.983,0,2,'helpful'
38,3,0.740,0,2,'thoughtful'
39,4,1.307,0,2,'snobby'
40,4,0.767,1,1,'lame'
41,1,1.739,0,2,'caring'
42,1,0.929,0,3,'trustworthy'
43,2,0.848,0,2,'charming'
44,2,1.172,1,2,'awkward'
45,4,0.902,0,1,'hot'
46,4,1.577,0,2,'wihtdrawn'
47,3,0.875,1,1,'mean'
48,3,0.713,0,2,'patient'
