1,1,1.685,1,1,'mean'
2,2,0.956,0,1,'cool'
3,2,1.280,0,2,'social'
4,2,1.523,1,2,'loner'
5,4,1.172,1,2,'wealthy'
6,4,1.388,0,3,'outgoing'
7,3,1.253,0,2,'friendly'
8,3,1.145,1,2,'grumpy'
9,2,0.713,0,3,'admired'
10,1,0.605,1,1,'rude'
11,1,1.037,1,2,'selfish'
12,1,0.875,0,4,'motivated'
13,3,0.659,0,1,'calm'
14,3,17.143,0,3,'trustworthy'
15,4,0.632,1,2,'ugly'
16,4,0.929,1,2,'awkward'
17,1,1.226,1,4,'unethical'
18,2,1.307,1,1,'lame'
19,2,0.551,0,2,'snobby'
20,2,1.577,0,4,'adventurous'
21,4,1.631,1,1,'shy'
22,4,0.983,0,2,'trendy'
23,3,1.334,0,4,'independent'
24,3,16.873,0,2,'giving'
25,1,0.821,0,2,'caring'
26,1,0.686,0,2,'thoughtful'
27,1,0.848,0,3,'respectful'
28,2,1.739,0,2,'flirty'
29,3,0.902,1,2,'stubborn'
30,3,0.497,0,2,'loyal'
31,4,1.199,0,3,'popular'
32,4,1.604,1,2,'loser'
33,2,1.361,0,1,'hot'
34,2,1.064,0,2,'attractive'
35,2,1.469,1,2,'boring'
36,1,0.524,1,2,'lazy'
37,4,1.010,0,3,'insecure'
38,4,1.415,0,2,'charming'
39,3,0.767,0,1,'smart'
40,3,1.118,1,2,'depressed'
41,2,15.901,0,2,'sexy'
42,1,1.091,1,3,'dishonest'
43,1,1.658,0,2,'patient'
44,1,0.578,0,2,'helpful'
45,3,0.794,0,3,'confident'
46,3,0.740,1,2,'angry'
47,4,1.550,1,2,'creepy'
48,4,1.496,0,2,'wihtdrawn'
