1,2,0.956,0,3,'insecure'
2,2,1.199,0,1,'hot'
3,1,1.415,0,1,'calm'
4,1,0.578,0,2,'giving'
5,3,1.037,1,2,'lazy'
6,3,1.604,1,2,'stubborn'
7,4,0.497,1,2,'boring'
8,4,1.685,1,2,'ugly'
9,1,1.388,1,2,'depressed'
10,1,0.524,1,2,'grumpy'
11,2,1.496,0,2,'sexy'
12,2,0.929,0,2,'attractive'
13,4,0.767,1,2,'creepy'
14,4,0.848,0,2,'wihtdrawn'
15,3,16.225,0,3,'confident'
16,3,1.010,0,3,'trustworthy'
17,1,1.523,0,2,'helpful'
18,1,0.632,1,1,'mean'
19,1,1.739,1,2,'selfish'
20,2,1.172,0,1,'cool'
21,3,16.576,1,4,'unethical'
22,3,0.470,0,2,'friendly'
23,4,1.334,0,2,'charming'
24,4,1.253,0,4,'adventurous'
25,2,1.442,1,1,'shy'
26,2,1.226,0,2,'trendy'
27,2,0.551,1,2,'loner'
28,1,1.091,0,1,'smart'
29,4,1.550,1,2,'loser'
30,4,0.983,0,3,'admired'
31,3,1.658,0,3,'respectful'
32,3,0.902,0,2,'patient'
33,1,1.712,1,1,'rude'
34,2,1.577,1,1,'lame'
35,1,0.686,0,4,'motivated'
36,1,0.821,0,2,'thoughtful'
37,3,1.064,1,2,'angry'
38,3,1.631,1,3,'dishonest'
39,4,1.118,0,3,'outgoing'
40,4,1.307,0,2,'social'
41,2,16.900,1,2,'wealthy'
42,2,0.605,0,2,'flirty'
43,1,0.659,0,2,'caring'
44,2,1.280,1,2,'awkward'
45,4,0.713,0,3,'popular'
46,4,0.875,0,2,'snobby'
47,3,1.361,0,2,'loyal'
48,3,0.740,0,4,'independent'
