1,1,1.118,0,2,'helpful'
2,1,1.010,0,3,'trustworthy'
3,1,0.821,1,2,'depressed'
4,2,0.875,0,2,'flirty'
5,3,0.740,1,1,'mean'
6,3,1.415,0,3,'confident'
7,4,1.442,1,2,'creepy'
8,4,1.631,0,1,'cool'
9,2,1.712,1,1,'shy'
10,2,0.713,1,1,'lame'
11,2,1.253,1,2,'wealthy'
12,1,1.064,1,2,'selfish'
13,4,1.739,0,3,'insecure'
14,4,16.333,0,2,'attractive'
15,3,0.551,1,4,'unethical'
16,3,0.605,0,2,'giving'
17,1,1.307,0,2,'thoughtful'
18,1,0.524,1,3,'dishonest'
19,1,0.497,0,2,'loyal'
20,2,0.632,1,2,'ugly'
21,3,0.578,0,4,'independent'
22,3,17.035,1,2,'angry'
23,4,1.280,0,2,'snobby'
24,4,1.550,0,2,'wihtdrawn'
25,2,1.469,0,3,'popular'
26,2,1.091,1,2,'awkward'
27,2,1.334,0,2,'charming'
28,1,0.470,1,2,'stubborn'
29,4,1.145,0,4,'adventurous'
30,4,0.848,0,2,'sexy'
31,3,1.172,0,1,'smart'
32,3,0.659,0,2,'friendly'
33,1,1.361,0,2,'caring'
34,1,0.686,0,3,'respectful'
35,2,1.685,1,2,'boring'
36,2,1.388,0,3,'outgoing'
37,4,1.577,1,2,'loner'
38,3,0.929,0,2,'patient'
39,4,16.198,0,3,'admired'
40,4,0.983,0,2,'social'
41,2,1.658,1,2,'loser'
42,2,1.037,0,2,'trendy'
43,1,1.199,0,1,'calm'
44,1,1.226,1,2,'grumpy'
45,3,1.523,1,1,'rude'
46,3,1.496,1,2,'lazy'
47,4,0.794,0,1,'hot'
48,3,0.956,0,4,'motivated'
