1,2,1.442,1,2,'loner'
2,1,0.821,0,2,'friendly'
3,1,0.767,0,4,'independent'
4,1,0.794,0,2,'helpful'
5,3,1.685,1,1,'rude'
6,3,16.522,1,3,'dishonest'
7,4,1.172,0,2,'trendy'
8,4,0.713,0,2,'sexy'
9,2,0.578,0,1,'hot'
10,2,0.902,1,2,'boring'
11,2,0.497,0,2,'wihtdrawn'
12,1,1.226,0,2,'patient'
13,4,0.956,0,2,'social'
14,4,1.523,0,3,'insecure'
15,3,0.524,0,1,'smart'
16,3,1.631,1,2,'grumpy'
17,1,1.118,1,2,'angry'
18,1,1.361,0,2,'thoughtful'
19,1,0.929,0,2,'loyal'
20,2,0.632,1,1,'lame'
21,3,0.983,1,4,'unethical'
22,3,1.577,0,1,'calm'
23,4,1.145,0,2,'charming'
24,4,1.037,0,2,'flirty'
25,2,0.740,0,2,'snobby'
26,2,16.306,0,3,'admired'
27,2,1.388,1,2,'wealthy'
28,1,1.334,1,2,'stubborn'
29,4,0.848,0,3,'outgoing'
30,4,1.253,0,2,'attractive'
31,3,1.550,1,1,'mean'
32,3,1.280,0,2,'caring'
33,1,1.739,0,4,'motivated'
34,1,0.551,0,2,'giving'
35,1,1.415,0,3,'trustworthy'
36,2,0.686,1,1,'shy'
37,3,1.604,0,3,'confident'
38,3,1.469,1,2,'lazy'
39,4,0.470,0,4,'adventurous'
40,4,1.496,0,3,'popular'
41,2,1.307,1,2,'ugly'
42,2,16.630,1,2,'loser'
43,2,1.064,1,2,'awkward'
44,1,1.010,0,3,'respectful'
45,4,1.658,0,1,'cool'
46,4,0.605,1,2,'creepy'
47,3,0.659,1,2,'selfish'
48,3,1.712,1,2,'depressed'
