1,2,0.848,1,4,'unethical'
2,1,1.037,0,2,'snobby'
3,1,1.226,1,2,'wealthy'
4,1,0.632,1,2,'creepy'
5,3,0.497,0,2,'wihtdrawn'
6,3,0.767,0,3,'popular'
7,4,0.902,1,2,'lazy'
8,4,1.172,1,2,'selfish'
9,2,0.686,0,2,'thoughtful'
10,2,0.713,1,3,'dishonest'
11,2,1.118,0,2,'caring'
12,2,1.712,0,1,'calm'
13,4,1.577,0,2,'friendly'
14,4,0.794,0,4,'motivated'
15,3,1.496,0,2,'sexy'
16,3,15.901,1,2,'loner'
17,2,1.631,1,1,'mean'
18,2,0.659,0,2,'loyal'
19,1,1.334,0,2,'attractive'
20,1,0.578,0,2,'flirty'
21,3,1.361,1,2,'boring'
22,3,0.821,0,1,'hot'
23,3,1.442,0,2,'charming'
24,4,0.929,0,1,'smart'
25,1,1.550,0,3,'outgoing'
26,1,1.388,1,2,'ugly'
27,2,0.551,1,2,'grumpy'
28,2,16.306,0,2,'patient'
29,4,1.280,1,2,'depressed'
30,3,1.145,0,3,'insecure'
31,4,1.658,1,2,'angry'
32,3,1.010,1,1,'shy'
33,1,0.983,0,3,'admired'
34,2,1.307,0,3,'respectful'
35,1,17.170,0,4,'adventurous'
36,1,0.524,1,2,'loser'
37,4,1.523,0,2,'giving'
38,4,1.199,0,3,'confident'
39,3,1.685,1,2,'awkward'
40,3,0.605,0,1,'cool'
41,1,1.091,0,2,'social'
42,1,1.415,1,1,'lame'
43,2,1.253,1,2,'stubborn'
44,2,1.064,1,1,'rude'
45,4,0.956,0,4,'independent'
46,4,1.604,0,3,'trustworthy'
47,4,1.469,0,2,'helpful'
48,3,0.740,0,2,'trendy'
