1,1,0.686,1,2,'selfish'
2,1,0.713,1,3,'dishonest'
3,2,0.632,0,1,'cool'
4,2,0.794,0,2,'flirty'
5,3,1.361,0,4,'motivated'
6,4,0.497,0,1,'hot'
7,4,1.226,1,2,'creepy'
8,4,1.091,0,2,'wihtdrawn'
9,2,1.253,0,2,'snobby'
10,2,0.983,0,4,'adventurous'
11,1,17.035,1,1,'mean'
12,1,1.739,0,2,'caring'
13,4,1.064,0,3,'popular'
14,3,0.551,0,2,'loyal'
15,3,0.848,1,4,'unethical'
16,4,1.199,1,2,'wealthy'
17,1,0.605,1,1,'rude'
18,1,0.470,1,2,'depressed'
19,2,0.740,0,3,'insecure'
20,2,1.550,0,2,'trendy'
21,3,1.145,0,4,'independent'
22,4,1.307,1,2,'boring'
23,4,1.334,0,2,'sexy'
24,4,0.524,0,3,'outgoing'
25,2,1.712,0,2,'attractive'
26,2,1.523,1,1,'lame'
27,1,1.118,0,2,'thoughtful'
28,1,16.927,1,2,'angry'
29,4,0.767,0,2,'social'
30,3,1.280,0,2,'patient'
31,3,0.578,0,2,'giving'
32,3,16.900,0,1,'smart'
33,1,0.929,1,2,'stubborn'
34,1,1.631,0,2,'friendly'
35,2,1.010,0,2,'charming'
36,2,1.172,1,1,'shy'
37,4,1.388,1,2,'loser'
38,4,0.875,0,3,'admired'
39,3,1.658,0,3,'trustworthy'
40,3,1.685,1,2,'grumpy'
41,2,0.902,1,2,'awkward'
42,2,0.659,1,2,'ugly'
43,1,1.577,0,3,'respectful'
44,1,0.956,0,1,'calm'
45,3,1.415,0,2,'helpful'
46,3,1.442,1,2,'lazy'
47,3,0.821,0,3,'confident'
48,4,1.037,1,2,'loner'
