1,1,1.118,0,2,'flirty'
2,1,1.631,0,2,'sexy'
3,2,1.442,0,2,'helpful'
4,2,0.578,0,2,'loyal'
5,4,0.659,0,1,'calm'
6,3,1.064,1,2,'ugly'
7,4,1.199,0,2,'thoughtful'
8,3,1.253,0,2,'snobby'
9,1,1.577,0,2,'wihtdrawn'
10,2,0.956,0,3,'trustworthy'
11,1,1.334,0,3,'admired'
12,2,1.388,0,2,'caring'
13,4,1.145,0,3,'respectful'
14,4,0.686,0,2,'patient'
15,3,1.280,0,2,'social'
16,3,1.010,1,2,'creepy'
17,1,16.414,1,2,'awkward'
18,1,1.307,1,1,'shy'
19,1,0.470,0,1,'cool'
20,2,16.360,1,3,'dishonest'
21,3,0.875,1,2,'wealthy'
22,3,1.496,0,3,'popular'
23,4,0.740,1,2,'stubborn'
24,4,0.632,0,2,'friendly'
25,2,1.415,0,4,'independent'
26,2,0.497,1,2,'depressed'
27,1,1.739,1,2,'loner'
28,1,1.523,0,3,'insecure'
29,3,1.550,0,3,'outgoing'
30,4,0.524,1,2,'selfish'
31,4,0.821,0,1,'smart'
32,4,1.658,1,2,'lazy'
33,2,0.794,1,1,'rude'
34,2,0.605,0,2,'giving'
35,2,0.848,1,2,'grumpy'
36,2,0.902,1,4,'unethical'
37,4,1.172,0,4,'motivated'
38,4,1.037,0,3,'confident'
39,3,17.143,0,2,'trendy'
40,3,1.361,1,2,'boring'
41,2,1.604,1,1,'mean'
42,1,1.469,0,4,'adventurous'
43,1,1.091,1,2,'loser'
44,1,0.767,1,1,'lame'
45,3,1.226,0,2,'charming'
46,3,1.685,0,2,'attractive'
47,3,0.551,0,1,'hot'
48,4,0.713,1,2,'angry'
