1,1,1.091,0,1,'hot'
2,2,0.902,0,3,'confident'
3,2,1.037,1,2,'angry'
4,2,1.172,0,4,'motivated'
5,4,1.280,1,1,'rude'
6,4,0.470,1,3,'dishonest'
7,4,1.334,1,2,'grumpy'
8,3,16.900,0,3,'insecure'
9,2,1.253,1,2,'depressed'
10,2,1.064,1,4,'unethical'
11,1,0.551,0,3,'outgoing'
12,1,1.010,1,2,'awkward'
13,3,0.794,1,2,'loser'
14,3,1.604,1,2,'boring'
15,3,0.848,0,2,'flirty'
16,4,1.496,0,1,'calm'
17,2,0.524,0,2,'patient'
18,2,0.659,1,2,'selfish'
19,2,1.388,0,2,'caring'
20,1,1.712,0,3,'popular'
21,4,0.497,1,2,'stubborn'
22,4,1.685,0,3,'respectful'
23,4,0.686,0,1,'smart'
24,3,1.658,1,2,'ugly'
25,2,1.523,0,2,'helpful'
26,1,0.605,0,2,'attractive'
27,1,0.578,0,3,'admired'
28,1,16.873,0,2,'social'
29,3,0.632,1,2,'wealthy'
30,3,0.983,0,1,'cool'
31,3,0.713,1,1,'lame'
32,4,1.550,0,3,'trustworthy'
33,1,0.956,0,2,'charming'
34,1,16.252,0,2,'trendy'
35,2,1.199,0,2,'giving'
36,2,0.929,0,2,'thoughtful'
37,4,1.226,1,1,'mean'
38,4,1.739,0,2,'friendly'
39,4,1.145,1,2,'lazy'
40,3,1.361,0,2,'sexy'
41,1,0.740,1,1,'shy'
42,1,0.875,1,2,'loner'
43,1,0.767,1,2,'creepy'
44,2,1.415,0,4,'independent'
45,3,1.631,0,2,'wihtdrawn'
46,3,1.307,0,4,'adventurous'
47,3,1.577,0,2,'snobby'
48,4,1.118,0,2,'loyal'
