1,2,0.875,1,1,'rude'
2,1,0.956,1,2,'awkward'
3,1,1.631,0,2,'wihtdrawn'
4,1,1.442,0,2,'charming'
5,3,1.604,0,2,'attractive'
6,3,1.199,0,3,'outgoing'
7,4,16.819,0,2,'thoughtful'
8,4,1.577,1,2,'grumpy'
9,2,0.713,0,2,'patient'
10,2,1.226,1,4,'unethical'
11,2,0.740,0,1,'smart'
12,1,1.712,1,2,'loser'
13,4,1.685,0,2,'caring'
14,3,1.496,1,1,'shy'
15,3,1.334,0,2,'sexy'
16,3,1.523,1,2,'ugly'
17,1,1.658,1,2,'creepy'
18,1,0.983,0,2,'trendy'
19,1,1.010,0,4,'adventurous'
20,2,0.821,1,1,'mean'
21,3,0.902,0,1,'cool'
22,3,1.550,0,2,'social'
23,4,1.361,0,4,'motivated'
24,4,1.172,1,2,'selfish'
25,2,0.578,0,2,'loyal'
26,2,0.686,0,2,'helpful'
27,2,0.605,0,4,'independent'
28,1,0.848,1,2,'loner'
29,4,1.253,1,2,'angry'
30,4,0.497,0,2,'friendly'
31,3,16.063,1,2,'boring'
32,3,0.794,1,1,'lame'
33,1,16.090,0,1,'hot'
34,2,1.739,1,2,'lazy'
35,1,1.415,0,3,'admired'
36,2,1.145,1,2,'depressed'
37,4,0.929,1,3,'dishonest'
38,3,1.469,0,2,'snobby'
39,4,0.551,0,3,'trustworthy'
40,3,1.118,1,2,'wealthy'
41,1,1.280,0,2,'flirty'
42,1,0.767,0,3,'insecure'
43,2,1.037,0,3,'respectful'
44,2,1.091,0,1,'calm'
45,4,0.470,0,2,'giving'
46,4,1.064,0,3,'confident'
47,4,0.524,1,2,'stubborn'
48,3,1.307,0,3,'popular'
