1,2,1.064,0,3,'popular'
2,1,0.686,0,3,'confident'
3,1,1.739,0,2,'thoughtful'
4,1,0.470,1,2,'lazy'
5,3,1.307,1,2,'depressed'
6,3,0.524,0,2,'helpful'
7,4,1.280,0,3,'admired'
8,4,0.902,1,2,'ugly'
9,1,16.630,0,1,'calm'
10,2,0.659,1,2,'wealthy'
11,2,1.172,0,2,'sexy'
12,1,0.767,1,2,'stubborn'
13,4,1.631,1,1,'shy'
14,3,1.685,1,1,'rude'
15,3,0.740,1,3,'dishonest'
16,3,1.577,1,2,'angry'
17,1,1.361,0,3,'trustworthy'
18,1,0.848,1,2,'selfish'
19,2,0.956,0,2,'flirty'
20,2,0.632,0,1,'cool'
21,3,0.713,0,2,'friendly'
22,3,1.442,1,4,'unethical'
23,4,1.334,0,2,'trendy'
24,4,0.551,1,2,'creepy'
25,1,0.875,1,1,'mean'
26,2,0.578,1,2,'loser'
27,2,0.794,0,2,'wihtdrawn'
28,2,16.684,0,2,'charming'
29,4,1.118,0,4,'adventurous'
30,4,1.388,1,1,'lame'
31,3,1.469,0,3,'respectful'
32,3,1.226,0,2,'loyal'
33,2,1.415,0,3,'outgoing'
34,1,0.983,0,2,'giving'
35,1,1.604,0,4,'motivated'
36,2,1.523,0,3,'insecure'
37,3,0.929,0,4,'independent'
38,4,1.091,0,2,'snobby'
39,4,1.658,1,2,'boring'
40,4,1.037,0,1,'hot'
41,2,1.145,1,2,'loner'
42,2,0.605,1,2,'awkward'
43,1,1.010,0,2,'patient'
44,1,16.981,1,2,'grumpy'
45,4,1.712,0,2,'social'
46,4,0.497,0,2,'attractive'
47,3,1.496,0,2,'caring'
48,3,0.821,0,1,'smart'
