1,1,1.226,1,2,'depressed'
2,1,0.956,0,3,'trustworthy'
3,2,1.523,0,1,'hot'
4,2,0.659,1,2,'awkward'
5,4,1.415,0,2,'charming'
6,4,0.821,0,2,'trendy'
7,3,1.496,1,2,'angry'
8,3,1.307,0,2,'friendly'
9,2,1.064,0,2,'snobby'
10,2,1.739,0,2,'social'
11,1,1.280,0,4,'independent'
12,1,1.631,0,1,'smart'
13,3,0.794,0,1,'calm'
14,3,0.578,1,2,'stubborn'
15,4,17.008,1,2,'loner'
16,4,1.442,1,2,'ugly'
17,2,0.848,0,4,'adventurous'
18,1,0.497,1,4,'unethical'
19,2,1.199,1,1,'shy'
20,1,1.469,1,1,'mean'
21,4,1.388,0,3,'insecure'
22,4,1.172,1,2,'wealthy'
23,3,1.334,1,2,'lazy'
24,3,1.712,0,3,'respectful'
25,2,1.010,1,2,'creepy'
26,2,1.253,0,2,'wihtdrawn'
27,1,15.901,0,2,'giving'
28,1,0.605,1,2,'grumpy'
29,3,0.551,0,4,'motivated'
30,3,1.604,1,1,'rude'
31,4,1.091,1,1,'lame'
32,4,0.713,0,1,'cool'
33,1,1.145,0,2,'caring'
34,2,0.929,0,3,'outgoing'
35,2,1.118,1,2,'loser'
36,2,0.524,0,2,'sexy'
37,4,0.740,0,3,'admired'
38,4,1.361,0,2,'flirty'
39,3,16.981,0,2,'helpful'
40,3,1.685,0,3,'confident'
41,1,0.902,0,2,'thoughtful'
42,1,1.658,0,2,'loyal'
43,1,0.686,1,3,'dishonest'
44,2,0.983,0,3,'popular'
45,3,0.875,0,2,'patient'
46,3,1.037,1,2,'selfish'
47,4,0.632,1,2,'boring'
48,4,0.767,0,2,'attractive'
