1,2,0.551,1,2,'wealthy'
2,1,0.713,0,2,'friendly'
3,1,1.712,1,2,'lazy'
4,1,1.118,1,2,'angry'
5,3,0.767,0,4,'motivated'
6,3,0.956,0,4,'independent'
7,3,0.578,0,2,'giving'
8,4,1.604,1,2,'awkward'
9,1,0.848,0,3,'confident'
10,2,0.902,0,3,'popular'
11,2,0.794,0,2,'attractive'
12,2,0.686,0,4,'adventurous'
13,4,1.658,1,2,'loner'
14,4,0.497,1,2,'boring'
15,4,1.307,0,2,'charming'
16,3,1.577,0,2,'helpful'
17,2,16.630,0,3,'outgoing'
18,1,1.145,0,3,'respectful'
19,2,1.631,0,1,'hot'
20,1,1.010,0,2,'caring'
21,3,1.172,0,3,'trustworthy'
22,3,1.280,1,2,'depressed'
23,3,0.821,0,1,'calm'
24,4,1.415,0,2,'trendy'
25,1,0.983,1,2,'selfish'
26,1,1.361,0,2,'loyal'
27,2,0.632,1,2,'creepy'
28,2,17.170,1,1,'shy'
29,4,1.523,0,2,'snobby'
30,4,1.334,0,2,'sexy'
31,4,0.659,1,2,'loser'
32,3,0.875,1,1,'rude'
33,2,0.605,0,3,'admired'
34,2,16.657,0,2,'wihtdrawn'
35,1,0.524,0,2,'thoughtful'
36,1,1.496,1,2,'grumpy'
37,3,0.929,1,4,'unethical'
38,3,1.442,0,1,'smart'
39,3,1.469,1,1,'mean'
40,4,1.253,0,1,'cool'
41,1,1.091,1,3,'dishonest'
42,1,0.470,1,2,'stubborn'
43,2,1.685,1,2,'ugly'
44,2,0.740,0,2,'social'
45,4,1.550,0,3,'insecure'
46,4,1.037,1,1,'lame'
47,4,1.388,0,2,'flirty'
48,3,1.064,0,2,'patient'
