1,1,0.605,0,3,'insecure'
2,2,0.740,0,2,'helpful'
3,2,0.821,0,2,'patient'
4,2,1.685,1,2,'selfish'
5,4,1.253,0,3,'trustworthy'
6,3,16.522,0,2,'sexy'
7,4,1.415,0,1,'calm'
8,4,0.983,0,1,'smart'
9,2,1.604,0,2,'giving'
10,2,0.470,1,3,'dishonest'
11,1,0.497,1,1,'shy'
12,2,1.712,1,4,'unethical'
13,4,0.551,1,2,'grumpy'
14,4,0.578,1,2,'lazy'
15,3,0.632,0,1,'hot'
16,3,1.523,1,2,'ugly'
17,1,1.037,0,3,'outgoing'
18,1,1.469,1,2,'wealthy'
19,1,1.739,0,1,'cool'
20,2,0.902,0,2,'caring'
21,3,1.010,1,1,'lame'
22,3,1.631,0,2,'charming'
23,4,16.738,0,4,'motivated'
24,4,0.794,0,4,'independent'
25,2,0.929,0,2,'loyal'
26,2,1.334,1,2,'depressed'
27,1,0.659,0,4,'adventurous'
28,1,0.848,0,2,'snobby'
29,4,0.875,0,2,'friendly'
30,3,1.361,1,2,'boring'
31,3,0.524,0,3,'admired'
32,3,1.172,0,2,'flirty'
33,1,1.064,0,2,'attractive'
34,1,0.956,1,2,'awkward'
35,1,1.388,0,2,'trendy'
36,2,1.577,0,2,'thoughtful'
37,3,0.686,1,2,'loser'
38,3,1.145,0,2,'social'
39,4,1.226,1,2,'stubborn'
40,4,1.442,1,2,'angry'
41,2,0.767,0,3,'confident'
42,2,0.713,1,1,'mean'
43,1,16.711,0,3,'popular'
44,1,1.496,1,2,'creepy'
45,4,1.118,0,3,'respectful'
46,3,1.658,0,2,'wihtdrawn'
47,3,1.550,1,2,'loner'
48,4,1.199,1,1,'rude'
