1,1,1.496,1,1,'lame'
2,1,1.037,0,1,'cool'
3,2,1.388,0,3,'trustworthy'
4,2,0.875,0,1,'calm'
5,4,0.686,1,2,'angry'
6,4,1.199,0,2,'thoughtful'
7,3,0.902,1,2,'creepy'
8,3,1.550,0,2,'attractive'
9,2,1.523,1,2,'stubborn'
10,1,1.604,1,2,'loser'
11,1,0.794,0,3,'admired'
12,1,0.767,0,2,'wihtdrawn'
13,3,16.522,1,2,'loner'
14,3,1.334,0,3,'outgoing'
15,4,1.064,1,3,'dishonest'
16,4,0.740,0,2,'helpful'
17,1,1.253,1,1,'shy'
18,2,1.226,1,2,'lazy'
19,2,0.551,0,2,'loyal'
20,2,1.307,0,4,'independent'
21,4,0.497,0,2,'caring'
22,4,16.144,0,4,'motivated'
23,3,1.010,0,2,'sexy'
24,3,1.361,0,2,'trendy'
25,2,1.442,1,1,'mean'
26,1,1.469,1,2,'awkward'
27,1,1.739,0,2,'flirty'
28,1,1.712,1,2,'boring'
29,3,1.118,0,2,'snobby'
30,3,0.605,1,2,'ugly'
31,4,0.524,0,1,'smart'
32,4,0.578,1,2,'grumpy'
33,1,0.929,0,1,'hot'
34,2,16.090,1,2,'depressed'
35,2,1.172,0,3,'confident'
36,2,0.848,0,2,'patient'
37,4,1.658,1,1,'rude'
38,4,0.632,1,4,'unethical'
39,3,0.983,1,2,'wealthy'
40,3,1.685,0,2,'social'
41,2,1.145,1,2,'selfish'
42,1,1.415,0,4,'adventurous'
43,2,0.956,0,3,'respectful'
44,1,1.280,0,3,'popular'
45,3,0.821,0,2,'charming'
46,3,1.577,0,3,'insecure'
47,4,0.470,0,2,'giving'
48,4,1.631,0,2,'friendly'
