1,1,0.659,1,2,'selfish'
2,1,1.442,1,2,'angry'
3,2,0.578,0,2,'flirty'
4,2,0.497,0,3,'insecure'
5,3,0.956,0,3,'respectful'
6,3,1.631,0,2,'patient'
7,4,1.577,0,4,'adventurous'
8,4,1.118,0,2,'attractive'
9,1,1.469,1,3,'dishonest'
10,2,16.225,1,2,'creepy'
11,2,1.091,1,2,'awkward'
12,2,1.604,0,2,'charming'
13,4,1.523,1,2,'loner'
14,4,0.632,1,1,'shy'
15,3,0.686,0,2,'loyal'
16,3,1.712,0,1,'calm'
17,1,1.415,0,2,'thoughtful'
18,1,1.361,1,4,'unethical'
19,1,0.740,0,4,'motivated'
20,2,0.551,0,2,'snobby'
21,3,0.821,1,2,'depressed'
22,3,1.496,0,4,'independent'
23,4,1.145,0,3,'popular'
24,4,1.064,0,3,'outgoing'
25,2,0.524,0,3,'admired'
26,2,0.713,0,2,'wihtdrawn'
27,1,1.010,0,2,'giving'
28,2,1.658,1,2,'ugly'
29,4,16.414,0,2,'social'
30,4,0.767,0,1,'hot'
31,3,1.307,1,2,'stubborn'
32,3,0.605,0,3,'trustworthy'
33,2,1.172,1,2,'loser'
34,1,1.685,1,1,'rude'
35,1,1.199,0,2,'caring'
36,1,0.848,0,2,'friendly'
37,3,1.253,1,1,'mean'
38,3,16.306,0,3,'confident'
39,4,0.929,0,2,'trendy'
40,4,0.902,1,1,'lame'
41,2,1.280,1,2,'boring'
42,2,1.334,0,1,'cool'
43,1,1.550,0,1,'smart'
44,1,1.388,1,2,'grumpy'
45,4,1.739,0,2,'sexy'
46,3,1.226,0,2,'helpful'
47,4,1.037,1,2,'wealthy'
48,3,0.470,1,2,'lazy'
