1,1,0.956,1,2,'selfish'
2,1,1.226,0,3,'confident'
3,2,0.713,0,2,'sexy'
4,2,1.442,1,2,'ugly'
5,4,1.739,1,2,'loser'
6,4,1.307,1,2,'creepy'
7,3,0.848,0,2,'friendly'
8,3,0.686,0,2,'loyal'
9,2,0.524,1,2,'wealthy'
10,1,0.578,0,2,'helpful'
11,1,1.145,0,2,'patient'
12,1,1.361,1,1,'rude'
13,3,1.496,1,1,'mean'
14,3,1.010,0,3,'respectful'
15,3,1.631,1,2,'depressed'
16,4,0.551,0,4,'adventurous'
17,1,16.198,0,2,'giving'
18,1,1.280,0,4,'motivated'
19,2,0.470,0,2,'attractive'
20,2,1.685,0,1,'hot'
21,3,0.794,1,4,'unethical'
22,3,1.550,1,2,'grumpy'
23,4,1.469,0,3,'outgoing'
24,4,1.253,0,3,'insecure'
25,2,0.605,1,1,'lame'
26,2,1.064,0,2,'trendy'
27,1,16.252,0,3,'trustworthy'
28,1,0.929,1,2,'stubborn'
29,3,1.415,1,3,'dishonest'
30,3,1.334,0,4,'independent'
31,4,1.523,0,3,'popular'
32,4,0.983,0,2,'social'
33,1,1.604,0,2,'thoughtful'
34,2,0.659,0,2,'charming'
35,2,1.037,1,2,'loner'
36,2,0.632,0,2,'flirty'
37,4,1.577,0,3,'admired'
38,4,1.712,1,1,'shy'
39,4,1.388,0,1,'cool'
40,3,0.902,0,1,'calm'
41,2,1.658,1,2,'boring'
42,2,1.118,1,2,'awkward'
43,1,15.928,1,2,'angry'
44,1,1.199,0,2,'caring'
45,4,0.740,0,2,'snobby'
46,4,0.875,0,2,'wihtdrawn'
47,3,1.091,0,1,'smart'
48,3,1.172,1,2,'lazy'
