1,1,1.523,0,2,'loyal'
2,2,0.632,0,2,'snobby'
3,2,0.605,1,1,'lame'
4,2,0.713,0,4,'adventurous'
5,4,16.171,1,2,'ugly'
6,4,1.118,0,2,'social'
7,3,1.037,0,2,'patient'
8,3,0.902,1,4,'unethical'
9,1,1.685,0,1,'calm'
10,1,0.470,1,2,'stubborn'
11,1,1.280,0,1,'smart'
12,1,1.226,0,2,'friendly'
13,3,1.739,1,1,'rude'
14,3,0.929,0,2,'giving'
15,4,1.361,1,2,'wealthy'
16,4,1.172,0,2,'attractive'
17,2,0.956,1,2,'loner'
18,2,1.199,1,2,'creepy'
19,2,1.091,0,3,'admired'
20,1,1.253,0,2,'caring'
21,4,1.010,0,3,'popular'
22,4,1.631,0,2,'charming'
23,3,0.524,0,2,'thoughtful'
24,3,0.794,0,4,'independent'
25,1,0.578,1,2,'angry'
26,1,1.442,0,2,'helpful'
27,1,1.145,1,2,'lazy'
28,2,16.738,0,1,'cool'
29,3,1.604,1,3,'dishonest'
30,3,1.388,1,1,'mean'
31,4,0.983,1,2,'awkward'
32,4,0.767,0,3,'insecure'
33,2,1.712,0,2,'trendy'
34,1,0.686,0,3,'confident'
35,2,0.875,1,1,'shy'
36,2,0.551,0,2,'flirty'
37,4,0.821,0,2,'sexy'
38,4,0.497,0,2,'wihtdrawn'
39,3,1.064,1,2,'depressed'
40,3,1.550,1,2,'selfish'
41,2,1.496,0,1,'hot'
42,2,1.577,1,2,'boring'
43,1,16.765,1,2,'grumpy'
44,1,1.469,0,3,'trustworthy'
45,3,1.658,0,3,'respectful'
46,3,1.415,0,4,'motivated'
47,4,0.848,0,3,'outgoing'
48,4,0.659,1,2,'loser'
