1,2,0.686,1,2,'loner'
2,2,0.578,0,1,'cool'
3,1,1.199,1,4,'unethical'
4,1,0.470,1,2,'stubborn'
5,4,1.253,1,2,'creepy'
6,4,1.685,0,2,'social'
7,3,0.767,0,2,'patient'
8,3,0.956,0,3,'respectful'
9,1,16.333,0,2,'loyal'
10,1,1.442,0,2,'giving'
11,2,0.875,0,2,'trendy'
12,1,1.604,0,2,'friendly'
13,3,0.713,0,2,'helpful'
14,3,0.821,1,2,'grumpy'
15,3,1.577,0,4,'independent'
16,4,1.739,0,3,'outgoing'
17,1,1.658,0,2,'caring'
18,1,1.415,1,1,'rude'
19,2,1.064,0,2,'snobby'
20,2,1.631,0,2,'charming'
21,4,1.037,0,4,'adventurous'
22,4,0.605,1,2,'ugly'
23,3,1.523,0,1,'calm'
24,3,16.522,0,2,'thoughtful'
25,1,0.632,0,3,'confident'
26,1,0.659,1,2,'angry'
27,2,1.010,1,1,'shy'
28,2,1.280,1,2,'awkward'
29,3,1.388,1,1,'mean'
30,3,1.550,1,2,'lazy'
31,4,1.712,1,2,'wealthy'
32,4,1.496,0,3,'insecure'
33,1,1.334,1,3,'dishonest'
34,2,1.361,0,3,'admired'
35,2,1.469,1,2,'loser'
36,2,15.955,0,2,'sexy'
37,4,1.226,0,2,'wihtdrawn'
38,4,1.307,0,2,'attractive'
39,4,1.118,0,3,'popular'
40,3,0.929,1,2,'selfish'
41,2,0.740,0,2,'flirty'
42,2,0.983,0,1,'hot'
43,1,0.848,0,1,'smart'
44,1,0.551,1,2,'depressed'
45,3,1.145,0,3,'trustworthy'
46,3,1.172,0,4,'motivated'
47,4,0.794,1,2,'boring'
48,4,0.497,1,1,'lame'
