1,1,0.821,0,3,'trustworthy'
2,1,1.037,1,2,'depressed'
3,2,1.091,0,4,'adventurous'
4,2,0.551,0,2,'snobby'
5,4,1.199,0,1,'hot'
6,4,0.659,1,2,'awkward'
7,3,0.686,0,2,'friendly'
8,3,0.740,1,2,'stubborn'
9,2,1.145,1,2,'boring'
10,2,1.550,0,3,'outgoing'
11,1,16.873,0,4,'independent'
12,1,1.631,0,2,'loyal'
13,3,0.497,0,4,'motivated'
14,3,1.388,1,2,'grumpy'
15,4,1.712,0,1,'cool'
16,4,1.415,1,1,'shy'
17,1,0.632,1,3,'dishonest'
18,1,0.470,0,1,'calm'
19,2,1.361,0,3,'popular'
20,2,1.604,0,2,'sexy'
21,3,1.280,0,2,'thoughtful'
22,4,0.713,1,2,'loser'
23,4,0.578,0,2,'flirty'
24,3,1.658,0,3,'confident'
25,2,1.685,1,2,'loner'
26,2,1.010,1,2,'ugly'
27,1,16.306,1,2,'lazy'
28,1,1.064,0,2,'giving'
29,4,1.307,0,2,'trendy'
30,4,0.929,1,2,'creepy'
31,3,1.496,1,1,'mean'
32,3,1.469,0,1,'smart'
33,1,0.956,1,2,'selfish'
34,1,0.848,0,2,'helpful'
35,2,1.334,0,2,'attractive'
36,2,0.794,0,2,'charming'
37,4,1.253,0,3,'insecure'
38,3,1.226,0,2,'caring'
39,4,1.523,0,2,'social'
40,4,0.767,0,3,'admired'
41,2,0.902,0,2,'wihtdrawn'
42,2,1.118,1,1,'lame'
43,1,15.955,1,4,'unethical'
44,1,1.739,0,3,'respectful'
45,3,0.605,1,2,'angry'
46,3,1.172,1,1,'rude'
47,3,0.983,0,2,'patient'
48,4,1.577,1,2,'wealthy'
