1,1,0.902,1,2,'angry'
2,1,0.713,0,2,'thoughtful'
3,2,0.551,1,2,'boring'
4,2,1.469,0,2,'snobby'
5,4,0.659,1,2,'loser'
6,4,1.658,1,2,'ugly'
7,4,1.577,1,1,'lame'
8,3,1.388,1,2,'lazy'
9,2,0.983,0,2,'flirty'
10,2,1.145,0,2,'social'
11,1,1.550,0,2,'caring'
12,1,1.739,0,3,'confident'
13,4,1.334,0,3,'popular'
14,3,1.685,0,1,'smart'
15,3,1.172,0,4,'independent'
16,3,1.712,1,2,'depressed'
17,1,16.630,1,2,'stubborn'
18,1,0.821,0,2,'loyal'
19,2,0.578,0,3,'insecure'
20,2,1.361,0,2,'wihtdrawn'
21,3,0.632,0,3,'trustworthy'
22,4,16.495,1,2,'loner'
23,4,1.280,1,2,'wealthy'
24,4,1.631,0,3,'outgoing'
25,2,1.523,0,4,'adventurous'
26,2,0.470,0,2,'sexy'
27,1,1.604,1,2,'grumpy'
28,1,0.956,1,1,'mean'
29,3,0.686,0,2,'helpful'
30,3,0.497,0,2,'patient'
31,3,1.442,0,1,'calm'
32,4,0.929,0,1,'hot'
33,1,1.118,0,2,'friendly'
34,1,0.848,1,3,'dishonest'
35,2,1.415,0,3,'admired'
36,2,1.307,1,1,'shy'
37,4,1.253,0,2,'charming'
38,3,0.740,0,4,'motivated'
39,4,1.037,0,1,'cool'
40,4,1.010,0,2,'attractive'
41,2,0.767,1,2,'creepy'
42,2,0.875,1,2,'awkward'
43,1,16.036,0,2,'giving'
44,1,0.524,1,4,'unethical'
45,3,1.496,0,3,'respectful'
46,3,0.794,1,1,'rude'
47,3,1.226,1,2,'selfish'
48,4,1.091,0,2,'trendy'
