1,2,1.631,0,3,'respectful'
2,1,1.064,1,2,'awkward'
3,1,1.334,0,2,'charming'
4,1,0.578,0,3,'insecure'
5,3,0.713,1,2,'loser'
6,3,0.875,1,2,'boring'
7,3,1.712,1,2,'loner'
8,4,16.792,0,2,'friendly'
9,2,0.497,1,2,'depressed'
10,2,1.253,0,1,'smart'
11,1,0.470,1,2,'ugly'
12,1,1.010,0,2,'attractive'
13,4,1.442,0,2,'giving'
14,3,1.037,1,1,'lame'
15,3,0.605,0,2,'snobby'
16,3,1.658,0,2,'flirty'
17,1,1.118,0,1,'cool'
18,1,1.469,0,2,'social'
19,1,1.496,0,4,'adventurous'
20,2,1.280,0,1,'calm'
21,3,0.902,1,2,'creepy'
22,3,1.199,0,2,'sexy'
23,4,0.767,1,2,'lazy'
24,4,0.551,0,2,'patient'
25,2,1.307,1,2,'angry'
26,2,1.415,0,4,'independent'
27,1,16.414,0,2,'trendy'
28,2,0.848,1,1,'mean'
29,4,1.091,1,2,'selfish'
30,4,1.739,1,2,'stubborn'
31,4,0.659,0,2,'caring'
32,3,0.632,1,1,'shy'
33,1,1.523,0,3,'admired'
34,1,1.388,0,1,'hot'
35,2,16.225,0,4,'motivated'
36,2,0.686,0,2,'loyal'
37,4,1.604,1,2,'grumpy'
38,3,0.929,0,2,'wihtdrawn'
39,3,0.821,1,2,'wealthy'
40,4,0.740,1,3,'dishonest'
41,2,1.145,0,3,'trustworthy'
42,2,0.524,1,4,'unethical'
43,1,1.577,0,3,'popular'
44,2,1.172,0,3,'confident'
45,4,1.685,0,2,'helpful'
46,4,1.550,0,2,'thoughtful'
47,4,0.956,1,1,'rude'
48,3,1.226,0,3,'outgoing'
