1,1,0.470,0,3,'popular'
2,1,0.524,0,2,'social'
3,2,1.037,1,2,'grumpy'
4,2,1.550,0,2,'friendly'
5,4,1.145,1,2,'depressed'
6,3,1.469,1,2,'ugly'
7,4,0.767,0,2,'patient'
8,3,0.848,0,2,'attractive'
9,2,0.821,1,2,'angry'
10,1,0.632,1,2,'creepy'
11,1,0.713,0,2,'trendy'
12,1,0.740,0,2,'flirty'
13,3,1.577,1,2,'wealthy'
14,3,16.684,1,2,'boring'
15,4,1.091,0,2,'giving'
16,4,1.523,0,2,'caring'
17,1,0.551,0,4,'adventurous'
18,2,1.658,0,1,'calm'
19,2,1.496,1,4,'unethical'
20,2,0.497,0,4,'independent'
21,4,1.280,0,3,'trustworthy'
22,4,0.875,1,1,'mean'
23,4,1.604,1,2,'lazy'
24,3,16.630,0,2,'charming'
25,2,1.064,1,3,'dishonest'
26,2,1.388,1,2,'stubborn'
27,1,1.685,0,1,'hot'
28,1,0.794,0,3,'insecure'
29,3,1.442,1,1,'lame'
30,3,0.686,0,3,'admired'
31,3,1.172,0,2,'sexy'
32,4,16.387,0,2,'helpful'
33,1,0.983,1,2,'awkward'
34,1,0.659,0,3,'outgoing'
35,2,1.361,0,2,'loyal'
36,2,0.578,0,2,'thoughtful'
37,4,1.334,0,3,'confident'
38,4,0.929,0,1,'smart'
39,4,1.631,0,4,'motivated'
40,3,1.307,0,2,'snobby'
41,2,0.902,1,2,'selfish'
42,2,1.226,0,3,'respectful'
43,1,1.118,1,2,'loser'
44,1,1.415,1,1,'shy'
45,3,0.605,1,2,'loner'
46,3,1.010,0,1,'cool'
47,3,1.739,0,2,'wihtdrawn'
48,4,1.712,1,1,'rude'
