1,1,1.523,0,2,'sexy'
2,2,1.685,1,2,'selfish'
3,2,1.577,0,3,'confident'
4,2,1.442,0,2,'helpful'
5,4,1.739,0,2,'friendly'
6,4,1.658,0,2,'loyal'
7,3,1.253,1,2,'loser'
8,3,1.604,1,2,'creepy'
9,2,0.929,0,2,'patient'
10,1,0.497,1,2,'ugly'
11,1,16.603,1,2,'wealthy'
12,1,0.524,0,2,'attractive'
13,3,0.956,0,4,'adventurous'
14,3,0.470,0,3,'outgoing'
15,4,1.712,1,1,'mean'
16,4,0.848,0,3,'respectful'
17,1,0.578,0,1,'hot'
18,2,1.469,1,1,'rude'
19,2,1.550,0,2,'giving'
20,2,1.388,0,4,'motivated'
21,4,1.415,1,2,'depressed'
22,4,0.983,1,4,'unethical'
23,3,0.686,0,3,'insecure'
24,3,1.091,0,3,'popular'
25,2,1.064,0,3,'trustworthy'
26,1,1.145,1,1,'lame'
27,1,1.199,0,2,'trendy'
28,1,0.605,0,2,'charming'
29,3,16.792,0,2,'social'
30,3,0.821,0,3,'admired'
31,4,0.767,1,2,'grumpy'
32,4,1.334,1,3,'dishonest'
33,1,1.037,1,2,'loner'
34,1,0.713,0,2,'flirty'
35,2,1.307,1,2,'stubborn'
36,2,1.118,0,2,'thoughtful'
37,4,1.631,0,4,'independent'
38,4,0.740,0,1,'calm'
39,3,16.441,1,1,'shy'
40,3,1.226,0,1,'cool'
41,2,0.551,1,2,'angry'
42,1,1.280,1,2,'boring'
43,1,0.875,1,2,'awkward'
44,2,0.902,0,2,'caring'
45,3,0.794,0,2,'snobby'
46,3,1.496,0,2,'wihtdrawn'
47,4,0.659,0,1,'smart'
48,4,0.632,1,2,'lazy'
