1,2,1.442,0,4,'independent'
2,2,1.496,0,2,'caring'
3,1,1.658,1,2,'wealthy'
4,1,0.740,0,2,'snobby'
5,3,1.361,0,2,'social'
6,3,1.604,1,1,'shy'
7,3,1.685,1,2,'loser'
8,4,16.360,0,3,'trustworthy'
9,1,0.578,0,4,'adventurous'
10,1,1.145,0,2,'trendy'
11,2,1.199,1,2,'stubborn'
12,2,0.821,0,2,'patient'
13,4,0.956,0,2,'friendly'
14,3,1.415,0,2,'attractive'
15,3,1.631,0,3,'popular'
16,4,1.388,1,2,'angry'
17,2,1.118,0,1,'calm'
18,2,0.497,0,3,'confident'
19,1,1.469,1,1,'lame'
20,1,0.524,0,2,'charming'
21,3,1.037,1,2,'ugly'
22,3,1.334,0,3,'admired'
23,4,1.577,0,4,'motivated'
24,3,1.253,1,2,'awkward'
25,1,0.767,1,2,'boring'
26,1,0.605,0,2,'flirty'
27,2,16.306,1,3,'dishonest'
28,2,1.226,1,1,'mean'
29,3,0.794,1,2,'loner'
30,4,1.523,0,2,'giving'
31,4,0.713,0,1,'smart'
32,4,1.739,0,2,'loyal'
33,2,0.686,1,4,'unethical'
34,2,1.712,1,2,'selfish'
35,1,0.632,0,2,'sexy'
36,1,1.307,0,2,'wihtdrawn'
37,4,1.550,0,2,'thoughtful'
38,4,1.172,0,2,'helpful'
39,3,0.470,0,3,'outgoing'
40,3,1.280,0,3,'insecure'
41,1,0.551,0,1,'cool'
42,1,0.659,1,2,'creepy'
43,2,1.064,0,3,'respectful'
44,2,16.279,1,2,'depressed'
45,4,1.091,1,1,'rude'
46,4,0.983,1,2,'lazy'
47,4,1.010,1,2,'grumpy'
48,3,0.902,0,1,'hot'
