1,1,1.172,0,2,'helpful'
2,2,1.145,0,3,'insecure'
3,2,1.523,1,1,'shy'
4,2,0.848,0,3,'outgoing'
5,4,0.929,0,2,'sexy'
6,4,1.307,0,1,'hot'
7,3,1.604,0,3,'trustworthy'
8,3,0.605,0,1,'calm'
9,2,0.551,1,2,'wealthy'
10,2,1.253,0,1,'cool'
11,1,1.118,0,2,'patient'
12,1,1.334,1,2,'selfish'
13,3,1.226,0,1,'smart'
14,3,16.009,1,2,'grumpy'
15,4,1.010,1,2,'ugly'
16,4,1.280,1,1,'lame'
17,1,1.658,0,2,'giving'
18,2,1.577,0,4,'adventurous'
19,2,16.927,0,2,'snobby'
20,2,0.794,0,2,'attractive'
21,4,1.388,0,2,'charming'
22,4,0.713,1,2,'boring'
23,3,1.037,1,2,'lazy'
24,3,1.361,0,4,'motivated'
25,2,1.739,1,2,'awkward'
26,1,0.956,1,3,'dishonest'
27,1,1.442,1,4,'unethical'
28,1,0.497,0,2,'caring'
29,3,1.199,0,4,'independent'
30,3,0.632,0,2,'friendly'
31,4,1.064,0,3,'admired'
32,4,0.470,0,2,'flirty'
33,2,0.902,0,2,'trendy'
34,1,1.631,0,2,'loyal'
35,1,0.875,1,2,'depressed'
36,1,1.091,0,2,'thoughtful'
37,4,0.524,1,2,'loser'
38,4,0.983,0,2,'social'
39,3,1.469,1,2,'stubborn'
40,3,0.767,1,2,'angry'
41,1,0.821,0,3,'confident'
42,1,17.116,1,1,'mean'
43,2,1.712,0,3,'popular'
44,2,1.550,1,2,'creepy'
45,3,0.740,0,3,'respectful'
46,3,0.659,1,1,'rude'
47,4,0.686,0,2,'wihtdrawn'
48,4,1.415,1,2,'loner'
