1,2,1.145,1,2,'loner'
2,2,1.604,0,3,'insecure'
3,2,1.361,1,2,'creepy'
4,1,1.064,0,2,'caring'
5,4,0.497,0,4,'adventurous'
6,4,1.226,0,1,'cool'
7,3,0.902,1,2,'selfish'
8,3,1.739,1,2,'angry'
9,1,0.578,0,3,'confident'
10,1,1.172,0,2,'loyal'
11,1,0.686,0,2,'thoughtful'
12,2,1.550,0,2,'social'
13,3,17.062,0,4,'motivated'
14,3,1.496,1,2,'depressed'
15,4,0.821,0,1,'hot'
16,4,1.523,0,2,'wihtdrawn'
17,2,0.794,1,2,'awkward'
18,2,1.253,0,2,'flirty'
19,2,0.551,1,2,'boring'
20,1,1.334,1,2,'grumpy'
21,4,1.091,1,1,'shy'
22,4,1.577,0,2,'attractive'
23,3,0.659,0,2,'patient'
24,3,0.632,1,1,'mean'
25,1,0.524,1,3,'dishonest'
26,1,0.605,1,1,'rude'
27,1,1.712,0,3,'respectful'
28,2,0.848,0,2,'trendy'
29,3,1.037,0,1,'smart'
30,3,1.010,1,2,'lazy'
31,3,16.549,0,1,'calm'
32,4,0.713,0,2,'sexy'
33,2,16.819,1,2,'ugly'
34,2,1.442,0,3,'popular'
35,1,0.740,0,2,'friendly'
36,1,0.875,0,3,'trustworthy'
37,3,1.199,0,2,'helpful'
38,4,0.470,1,2,'wealthy'
39,4,1.415,1,2,'loser'
40,4,1.658,1,1,'lame'
41,1,1.307,1,4,'unethical'
42,1,1.280,1,2,'stubborn'
43,2,1.685,0,2,'charming'
44,2,0.767,0,3,'admired'
45,4,0.929,0,2,'snobby'
46,3,0.983,0,2,'giving'
47,3,0.956,0,4,'independent'
48,4,1.469,0,3,'outgoing'
