1,2,0.578,1,4,'unethical'
2,1,1.523,0,2,'charming'
3,1,1.550,1,2,'boring'
4,1,0.605,1,2,'awkward'
5,3,0.659,0,2,'sexy'
6,3,1.145,0,3,'insecure'
7,4,0.875,1,1,'rude'
8,4,1.415,0,1,'calm'
9,1,0.497,0,2,'social'
10,2,1.496,0,2,'loyal'
11,2,0.848,0,4,'independent'
12,2,0.740,0,2,'patient'
13,4,0.929,0,2,'thoughtful'
14,3,1.307,0,3,'admired'
15,4,1.253,0,1,'smart'
16,3,0.524,0,3,'outgoing'
17,2,16.198,0,2,'helpful'
18,2,0.686,0,4,'motivated'
19,1,1.280,0,4,'adventurous'
20,1,0.983,1,1,'lame'
21,3,16.873,0,2,'flirty'
22,3,1.361,1,2,'wealthy'
23,3,1.037,0,2,'attractive'
24,4,1.199,0,2,'caring'
25,1,1.685,0,1,'hot'
26,1,1.172,1,2,'loser'
27,2,0.956,0,3,'confident'
28,2,0.632,1,2,'stubborn'
29,4,1.469,0,2,'giving'
30,4,1.064,1,2,'selfish'
31,4,1.631,1,3,'dishonest'
32,3,1.388,0,2,'wihtdrawn'
33,2,1.226,0,3,'trustworthy'
34,2,0.821,1,2,'angry'
35,1,1.334,0,2,'snobby'
36,1,1.118,1,1,'shy'
37,4,1.577,0,3,'respectful'
38,4,1.604,1,1,'mean'
39,3,1.091,1,2,'ugly'
40,3,1.658,1,2,'creepy'
41,1,15.901,0,2,'trendy'
42,1,0.551,0,1,'cool'
43,2,1.712,1,2,'lazy'
44,2,1.739,0,2,'friendly'
45,3,0.794,0,3,'popular'
46,4,0.713,1,2,'grumpy'
47,4,0.902,1,2,'depressed'
48,3,1.010,1,2,'loner'
