1,1,1.523,1,2,'wealthy'
2,1,0.767,0,2,'trendy'
3,2,0.740,0,4,'independent'
4,2,1.010,1,2,'grumpy'
5,3,0.524,1,2,'loser'
6,4,0.821,0,2,'loyal'
7,4,1.145,1,2,'selfish'
8,4,1.226,1,2,'depressed'
9,2,1.253,0,1,'calm'
10,2,0.551,1,2,'lazy'
11,1,1.199,0,2,'flirty'
12,1,1.118,1,2,'loner'
13,4,16.495,0,3,'confident'
14,3,0.497,1,2,'creepy'
15,3,1.739,0,1,'cool'
16,3,1.415,0,3,'admired'
17,1,1.550,0,2,'social'
18,1,0.470,0,4,'adventurous'
19,2,1.577,1,2,'angry'
20,2,1.685,0,2,'giving'
21,4,0.578,1,4,'unethical'
22,3,1.388,0,3,'popular'
23,4,0.848,0,3,'respectful'
24,4,0.983,1,1,'rude'
25,2,1.442,0,1,'smart'
26,2,16.387,1,2,'stubborn'
27,1,1.334,0,2,'attractive'
28,1,1.091,1,2,'boring'
29,3,1.172,1,1,'shy'
30,3,1.496,0,3,'outgoing'
31,3,0.902,1,2,'ugly'
32,4,1.037,1,3,'dishonest'
33,1,0.632,0,3,'insecure'
34,1,1.361,0,2,'sexy'
35,2,0.875,0,2,'friendly'
36,2,1.604,0,4,'motivated'
37,4,0.929,0,2,'helpful'
38,4,17.089,0,2,'thoughtful'
39,4,0.713,1,1,'mean'
40,3,1.469,0,2,'snobby'
41,2,1.280,0,2,'caring'
42,2,1.631,0,3,'trustworthy'
43,1,0.659,0,2,'charming'
44,1,1.712,1,2,'awkward'
45,3,0.605,1,1,'lame'
46,3,0.794,0,1,'hot'
47,3,1.307,0,2,'wihtdrawn'
48,4,0.686,0,2,'patient'
