1,1,1.577,0,1,'cool'
2,1,1.199,0,3,'popular'
3,2,1.469,0,2,'giving'
4,2,1.307,0,2,'patient'
5,4,0.470,0,2,'helpful'
6,4,1.550,0,4,'independent'
7,4,1.064,0,2,'thoughtful'
8,3,0.578,1,2,'loser'
9,2,0.875,1,2,'depressed'
10,2,1.172,0,1,'smart'
11,1,1.037,0,2,'trendy'
12,1,1.442,0,2,'attractive'
13,4,1.334,1,2,'grumpy'
14,3,1.010,0,2,'social'
15,3,15.982,0,3,'admired'
16,3,0.659,1,2,'loner'
17,1,0.740,0,2,'wihtdrawn'
18,1,1.631,0,2,'flirty'
19,2,1.118,1,4,'unethical'
20,2,1.739,1,2,'selfish'
21,4,1.496,1,2,'stubborn'
22,4,1.280,0,3,'confident'
23,3,0.902,1,2,'ugly'
24,3,0.713,0,4,'adventurous'
25,2,1.145,0,3,'respectful'
26,2,0.983,1,2,'lazy'
27,1,16.792,1,2,'wealthy'
28,1,1.415,0,2,'sexy'
29,3,0.821,1,2,'creepy'
30,3,0.605,0,3,'insecure'
31,3,1.226,1,2,'awkward'
32,4,1.658,0,2,'caring'
33,1,1.091,0,3,'outgoing'
34,1,0.848,0,2,'charming'
35,2,1.388,0,2,'friendly'
36,2,0.524,1,2,'angry'
37,3,16.387,1,1,'shy'
38,4,0.794,1,3,'dishonest'
39,4,1.604,0,1,'calm'
40,4,1.685,0,4,'motivated'
41,2,0.497,1,1,'mean'
42,2,1.253,0,3,'trustworthy'
43,1,1.523,0,1,'hot'
44,1,0.767,1,1,'lame'
45,3,0.929,0,2,'snobby'
46,3,0.686,1,2,'boring'
47,4,1.712,0,2,'loyal'
48,4,0.632,1,1,'rude'
